tree
version=v4
num_class=1
num_tree_per_iteration=1
label_index=0
max_feature_idx=36
objective=binary sigmoid:1
feature_names=pump_changes_1h pump_changes_6h pump_changes_24h pump_blink_hours_24h pump_blink_hours_168h pump_on_share_24h pump_on_share_168h pump_on_growth_24_720 pump_unavailable_24h pump_unavailable_168h pump_all_running_24h pump_all_running_168h evt_hours_24h evt_hours_168h evt_hours_720h evt_hours_2160h evt_hours_8760h evt_moments_168h evt_hours_since_last obj_events_24h obj_events_168h obj_pump_changes_24h obj_pump_blink_24h obj_pump_unavailable_24h obj_pump_all_running_24h obj_pump_on_minutes_24h cx_events_24h cx_events_168h cx_pump_blink_24h cx_pump_unavailable_24h cx_pump_all_running_168h unit_pumps unit_flood_sensors unit_age_days cal_season cal_month cal_day_of_year
feature_infos=[0:126] [0:320] [0:3218] [0:36] [0:146] [0:0.9833449125289917] [0:0.57878142595291138] [0:30] [0:2327] [0:4399] [0:195] [0:984] [0:16] [0:43] [0:69] [0:90] [0:119] [0:4321] [1:56713] [0:2318] [0:4321] [0:3540] [0:48] [0:2327] [0:385] [-1.1368683772161603e-13:2897.9833984375] [0:2318] [0:4321] [0:30] [0:2327] [0:2000] [0:5] [0:2] [0:2372] [0:3] [1:12] [1:366]
tree_sizes=3365 3398 3409 3432 3434 3440 3427 3447 3437 3434 3433 3440 3460 3428 3447 3476 3471 3461 3463 3488 3474 3471 3476 3465 3473 3478

Tree=0
num_leaves=31
num_cat=0
split_feature=13 18 18 15 18 16 15 18 15 6 5 9 25 9 5 16 2 36 6 33 25 5 20 16 18 16 9 8 25 25
split_gain=5300.09 2320.15 1126.7 707.57 305.054 235.595 185.117 100.681 79.7482 74.2164 69.4515 65.9169 52.886 41.3219 38.1656 37.9141 35.8449 32.6295 52.635 28.9027 34.4526 28.5545 25.5862 22.95 22.7774 21.2053 30.1544 17.4922 25.3682 17.1277
threshold=3.5000000000000004 18.500000000000004 27.500000000000004 1.0000000180025095e-35 6.5000000000000009 14.500000000000002 7.5000000000000009 360.50000000000006 2.5000000000000004 0.00095761683769524108 0.011326196137815716 9.5000000000000018 110.1333351135254 1.0000000180025095e-35 0.0027710263384506111 1.5000000000000002 9.5000000000000018 221.50000000000003 0.00046764769649598753 898.50000000000011 2.8750000000000004 0.0015644290251657369 2.5000000000000004 2.5000000000000004 50.500000000000007 24.500000000000004 5.5000000000000009 1.5000000000000002 8.9583330154418963 29.991666793823246
decision_type=2 2 2 2 2 2 2 2 2 2 2 2 2 2 2 2 2 2 2 2 2 2 2 2 2 2 2 2 2 2
left_child=2 -2 4 15 -1 9 8 11 14 -6 12 17 24 -12 29 -4 -9 18 -8 20 -16 -20 -17 -22 -10 27 -27 -26 -29 -5
right_child=1 -3 3 6 5 -7 7 16 10 -11 13 -13 -14 -15 19 22 -18 -19 21 -21 23 -23 -24 -25 25 26 -28 28 -30 -31
leaf_value=-3.7300598069801443 -1.6840121953203711 -3.8082995093798737 -4.6115176158040834 -4.5631652343302145 -4.553983520819088 -3.8105336970524704 -4.1685907093533849 -4.5258649247853544 -4.3821475794447995 -4.1932589313418971 -4.4472126118443356 -4.0597334290493627 -4.3278448148404784 -4.1862684220771831 -4.5505511744957143 -4.5909734364607155 -4.3091432710252571 -4.5144025544413715 -4.5490691122092493 -4.5278115414003466 -4.459123783699904 -4.3135215711853103 -4.5219546736473504 -4.2461427110522196 -4.5314370442629164 -4.4190959528721399 -4.6176339937778481 -4.3013982776322459 -4.5474366150290439 -4.5174824863695369
leaf_weight=3.8869990445673457 2.0452534239739171 3.4596326574683189 613.10795924440026 163.3964153341949 3.9277006052434427 2.1063057649880648 3.8971744347363728 11.986609619110821 3.1848971229046574 2.2385858371853828 3.5206849984824649 2.3301643487066022 3.9684021659195414 2.6659522242844105 2.9813893195241707 163.16238136030734 2.2691120076924554 2.4217428602278224 2.1877088863402605 18.926225714385509 2.2080596666783094 3.1238447818905115 14.632211063057182 2.96103853918612 84.689772376790643 10.073636267334221 2.3606905192136756 2.0554288141429415 2.1368319354951382 23.464449729770422
leaf_count=382 201 340 60254 16058 386 207 383 1178 313 220 346 229 390 262 293 16035 223 238 215 1860 217 307 1438 291 8323 990 232 202 210 2306
internal_value=-4.56683 -3.01905 -4.57418 -4.57925 -4.09541 -4.26708 -4.5208 -4.3979 -4.53136 -4.42303 -4.49771 -4.30246 -4.507 -4.33477 -4.54939 -4.60562 -4.49137 -4.35109 -4.30814 -4.49391 -4.41519 -4.41054 -4.58529 -4.33712 -4.51381 -4.51795 -4.45679 -4.5265 -4.42681 -4.55743
internal_weight=1165.38 5.50489 1159.87 1147.71 12.1596 8.27259 356.81 28.2164 328.594 6.16629 114.656 13.9606 108.47 6.18664 213.938 790.903 14.2557 11.6305 9.20873 27.0767 8.15049 5.31155 177.795 5.1691 104.501 101.316 12.4343 88.882 4.19226 186.861
internal_count=114529 541 113988 112793 1195 813 35066 2773 32293 606 11268 1372 10660 608 21025 77727 1401 1143 905 2661 801 522 17473 508 10270 9957 1222 8735 412 18364
is_linear=0
shrinkage=1


Tree=1
num_leaves=31
num_cat=0
split_feature=18 15 7 18 15 14 15 5 18 17 20 25 33 17 33 34 33 25 33 21 18 20 24 21 5 18 9 25 31 33
split_gain=1316.45 467.495 195.14 117.664 79.8799 72.3762 43.746 46.1439 41.8255 35.6163 33.625 29.556 27.2719 22.3819 20.9807 20.7376 20.6828 32.3164 20.4548 38.8788 23.2729 20.2531 18.6932 18.2833 46.1147 17.3142 16.9407 16.0615 20.9305 20.12
threshold=126.50000000000001 1.0000000180025095e-35 3.0242279767990117 6.5000000000000009 8.5000000000000018 4.5000000000000009 2.5000000000000004 0.012055362574756147 18.500000000000004 3.5000000000000004 2.5000000000000004 4.8250000476837167 672.50000000000011 3.5000000000000004 304.50000000000006 1.5000000000000002 792.50000000000011 2.8750000000000004 912.50000000000011 9.5000000000000018 63.500000000000007 5.5000000000000009 2.5000000000000004 14.500000000000002 0.0026755400467664008 793.50000000000011 12.500000000000002 105.94166564941408 2.5000000000000004 863.50000000000011
decision_type=2 2 2 2 2 2 2 2 2 2 2 2 2 2 2 2 2 2 2 2 2 2 2 2 2 2 2 2 2 2
left_child=2 10 3 12 9 6 11 25 -6 18 -2 -3 -1 -10 -12 -11 17 -7 19 -5 -21 -17 -9 24 -13 27 -4 28 -8 -30
right_child=1 5 26 4 8 16 7 22 13 15 14 23 -14 -15 -16 21 -18 -19 -20 20 -22 -23 -24 -25 -26 -27 -28 -29 29 -31
leaf_value=0.31742718606338166 -0.039706605953154388 -0.0030559408596726955 0.41681865257309297 0.034877024610750991 0.1156848336887058 0.11256001636696207 0.017193068960045962 0.25857228209510802 0.16582068041330941 0.0824043073952202 0.11658291107840645 0.042526496114054152 0.19450981998032554 0.32076322436603349 -0.0032401474313951588 0.26921010273866536 0.091626176586638741 0.35925197621850258 -0.004871895908995668 0.087172324710379112 0.29747015057848009 0.10475865551951902 0.091531258093206017 0.015559157643564473 0.21936833047023729 0.019563581109106151 0.30332090196878431 0.16969826178941355 0.1007143835201245 0.033621399964945078
leaf_weight=10.048401199281217 727.35726534761488 108.49682281259447 6.3811193844303471 12.873550204560166 7.4836651766672757 2.7559564467519504 24.353657224215567 3.5572620416060081 3.4630584828555566 7.0265171872451884 4.189227905124425 38.68896197155118 8.191169545054434 7.1284143002703786 28.553565721958876 4.522570145316422 5.2706361105665565 2.5613870238885283 10.934109260328112 2.5396448886021963 2.7295574992895126 3.1947567844763398 3.1650553829967976 53.703100457787514 4.0747140115126959 42.072357218712568 6.7820623004809022 3.1767915003001681 28.425659381784499 18.411798481829464
leaf_count=234 74334 10599 302 1188 104 207 2247 283 247 435 418 3775 191 393 2810 351 421 201 967 212 248 231 254 5054 359 3900 108 252 2627 1686
internal_value=-0.000393902 -0.0157044 0.179924 0.150616 0.117727 0.0331513 0.0289995 0.0525509 0.206169 0.0812466 -0.0374753 0.0148474 0.262226 0.270102 0.0120904 0.144549 0.161818 0.231393 0.049148 0.0817042 0.196111 0.201132 0.179925 0.0349835 0.0593768 0.0451974 0.358341 0.0596993 0.0547908 0.0743401
internal_weight=1192.11 1098.81 93.2986 80.1354 61.8958 338.714 328.126 123.163 18.0751 43.8207 760.1 204.964 18.2396 10.5915 32.7428 14.7438 10.588 5.31734 29.0769 18.1428 5.2692 7.71733 6.72232 96.4668 42.7637 116.44 13.1632 74.3679 71.1911 46.8375
internal_count=114638 109427 5211 4801 4376 31865 31036 11249 744 3632 77562 19787 425 640 3228 1017 829 408 2615 1648 460 582 537 9188 4134 10712 410 6812 6560 4313
is_linear=0
shrinkage=0.05


Tree=2
num_leaves=31
num_cat=0
split_feature=18 18 16 16 16 14 7 16 25 18 7 14 36 5 9 20 36 6 20 36 4 36 31 20 25 16 36 7 36 6
split_gain=1073.92 380.361 125.692 87.0592 40.761 39.2908 38.9707 37.8451 35.6203 40.0283 34.6033 34.279 29.2293 28.0483 27.0423 25.7606 48.6839 18.2531 18.2167 16.8393 15.8547 15.1567 14.9615 14.6757 18.8211 14.4219 16.0987 13.873 14.2398 13.5674
threshold=126.50000000000001 1968.5000000000002 26.500000000000004 23.500000000000004 2.5000000000000004 4.5000000000000009 2.2480794191360478 1.5000000000000002 70.658332824707045 6.5000000000000009 1.8468599915504458 1.5000000000000002 98.500000000000014 0.0030806327704340224 16.500000000000004 1.5000000000000002 84.500000000000014 0.00025159832148347055 2.5000000000000004 94.500000000000014 1.0000000180025095e-35 183.50000000000003 2.5000000000000004 5.5000000000000009 3.3249999284744267 13.500000000000002 179.50000000000003 0.25134103000164038 64.500000000000014 0.001138255058322102
decision_type=2 2 2 2 2 2 2 2 2 2 2 2 2 2 2 2 2 2 2 2 2 2 2 2 2 2 2 2 2 2
left_child=2 3 8 4 14 10 23 -3 9 -1 22 13 -10 -11 -2 16 -13 18 -6 -20 -9 -17 29 24 -4 26 -21 28 -24 -5
right_child=1 7 6 5 17 -7 -8 20 12 11 -12 15 -14 -15 -16 21 -18 -19 19 25 -22 -23 27 -25 -26 -27 -28 -29 -30 -31
leaf_value=0.178054729561342 -0.018402190133587727 -0.044148342046391315 0.284720525033272 -0.035067221718298035 0.0057442232387982942 0.209687960405256 0.3168259861472445 -0.019425144204381451 0.28643901319481668 0.0050766469960129307 0.23696045430735882 0.29526273077966536 0.12625432835821024 0.17233750098857614 0.12519044972375265 0.0075189437681195698 0.10037788253402091 0.042218899025387613 -0.037742790774924685 0.18441731702681891 0.12052449675089544 0.11934612326370919 0.007111378796841001 0.14847178038321415 0.17339633772231861 -0.031416684104281119 0.065644925378915017 0.027509457103912588 0.13767583343157341 0.098857594216565481
leaf_weight=12.234939526766537 82.515950691886246 537.10985233075917 7.3262219382450002 6.4471172383055109 103.90889409836382 6.3322770642116657 9.1733246119692904 181.83688801620156 4.8389511369168741 17.96284751594067 2.9550613360479465 4.4513465436175492 6.9210822312161326 2.9128909939900032 3.4145080912858239 6.6584987277165038 11.441197445616124 111.52713418379426 3.8993182554841068 3.8296420602127936 2.0465159248560658 5.5604161899536848 2.5993716185912517 9.7617058539763075 7.8808055622503161 2.6093551190569988 11.187058526091276 7.6794218933209768 10.621609428897498 2.6760413115844131
leaf_count=310 8182 57212 224 576 9659 393 149 18702 187 1590 229 230 305 200 330 402 658 9965 358 336 210 379 226 260 275 234 1031 644 896 228
internal_value=-0.00151007 -0.0164454 0.14951 0.0253573 0.0168041 0.0956117 0.228695 -0.0374457 0.112466 0.0971563 0.0737077 0.0769513 0.192166 0.0284153 -0.0126964 0.112994 0.154963 0.027502 0.0144167 0.0562814 -0.0178676 0.0584077 0.0576396 0.196316 0.227028 0.0770818 0.0959349 0.0809592 0.112006 0.00421614
internal_weight=1190.32 1083.2 107.124 362.203 322.892 39.3109 34.1421 720.993 72.9822 61.2221 32.9786 48.9872 11.76 20.8757 85.9305 28.1115 15.8925 236.961 125.434 21.5254 183.883 12.2189 30.0236 24.9687 15.207 17.6261 15.0167 20.9004 13.221 9.12316
internal_count=114580 109411 5169 33287 30095 3192 908 76124 4261 3769 2799 3459 492 1790 8512 1669 888 21583 11618 1959 18912 781 2570 759 499 1601 1367 1766 1122 804
is_linear=0
shrinkage=0.05


Tree=3
num_leaves=31
num_cat=0
split_feature=15 18 18 5 33 7 15 33 18 8 9 15 7 33 17 25 17 14 36 7 7 25 6 36 31 6 33 18 18 33
split_gain=871.546 245.966 108.088 62.0706 42.0758 41.8477 31.3267 30.4459 28.5193 33.2011 28.6021 27.8582 27.2431 25.682 21.9934 19.2855 18.7163 19.9728 19.3479 21.7354 17.2849 26.9996 22.7604 19.3114 27.2264 16.5731 17.3227 16.4724 16.3492 16.9466
threshold=1.5000000000000002 99.500000000000014 4321.5000000000009 0.012485532090067865 1.0000000180025095e-35 4.1039230823516855 5.5000000000000009 312.50000000000006 769.50000000000011 1.0000000180025095e-35 5.5000000000000009 1.0000000180025095e-35 0.088209703564643874 968.50000000000011 1.5000000000000002 1.9083333015441897 17.500000000000004 6.5000000000000009 114.50000000000001 0.28135761618614202 0.63261258602142345 11.641666412353517 0.00010154872143175454 263.50000000000006 2.5000000000000004 0.0073495369870215663 1080.5000000000002 126.50000000000001 769.50000000000011 1786.5000000000002
decision_type=2 2 2 2 2 2 2 2 2 2 2 2 2 2 2 2 2 2 2 2 2 2 2 2 2 2 2 2 2 2
left_child=2 3 4 7 -1 11 25 12 9 10 20 -6 -2 -7 -9 -13 17 18 19 -16 22 -22 23 24 -8 26 27 -3 29 -27
right_child=1 6 -4 -5 5 13 8 14 -10 -11 -12 15 -14 -15 16 -17 -18 -19 -20 -21 21 -23 -24 -25 -26 28 -28 -29 -30 -31
leaf_value=0.22238142383079526 0.1199150730388104 0.13478299183603049 -0.042518018793836404 0.20356918413151695 -0.023636658434172383 0.19391597916055633 0.059635247430394035 -0.0010780004222321023 0.0071177794294354294 0.24666084528847323 0.0024231178353259723 -0.013059188242808354 0.23965603698575533 0.0080451407623224423 0.085201424673108359 0.023741195654633739 0.015945063452885461 0.22151591849436697 0.073379581800659344 0.23717357985576412 0.063277916378896196 0.24997647536686274 0.030609106070835113 0.006595146189827393 0.22748967586152397 0.086143080387251575 -5.1542521448631069e-05 0.032004972192131241 0.16177117857382783 -0.037951430332058
leaf_weight=2.0047366060316554 13.894668911583723 4.0439614616334429 535.07075916789472 25.338071717880666 173.24738754983991 4.0860846973955622 4.077161152847113 6.0033844336867324 12.992951218038796 3.1922488417476407 9.3631296968087536 68.039774163626134 7.2177184354513875 3.4088324941694736 4.7429227204993385 74.674014427699149 5.4445698438212267 3.9485202711075535 19.613858717493713 4.66875527985394 3.5081568406894794 4.3224770054221153 11.679245806299148 2.6194608807563773 5.9287638291716576 9.1298305336385983 48.490846992470324 108.36785520240664 4.2371847853064528 3.9377672197297207
leaf_count=55 479 317 59153 392 18558 321 306 356 1119 200 572 6579 186 311 282 6741 122 79 1113 214 254 302 865 205 402 647 4350 9613 352 320
internal_value=-0.00229976 0.0672191 -0.0286976 0.137112 -0.0059764 -0.00739173 0.0402943 0.111417 0.0723207 0.0912773 0.0793244 -0.0101616 0.160851 0.109378 0.0879219 0.00619636 0.101829 0.11601 0.101658 0.160589 0.101731 0.166335 0.0809163 0.127454 0.159093 0.0299278 0.0249273 0.0357024 0.0764229 0.0487487
internal_weight=1187.3 326.764 860.532 90.8725 325.461 323.456 235.891 65.5344 57.6836 44.6906 41.4984 315.961 21.1124 7.49492 44.422 142.714 38.4186 32.9741 29.0255 9.41168 32.1353 7.83063 24.3046 12.6254 10.0059 178.207 160.903 112.412 17.3048 13.0676
internal_count=114765 23047 91718 3223 32565 32510 19824 2831 4225 3106 2906 31878 665 632 2166 13320 1810 1688 1609 496 2334 556 1778 913 708 15599 14280 9930 1319 967
is_linear=0
shrinkage=0.05


Tree=4
num_leaves=31
num_cat=0
split_feature=18 18 18 16 33 5 6 16 5 16 21 18 36 36 36 33 20 31 6 6 20 18 6 16 33 16 33 20 16 21
split_gain=787.342 206.344 85.1443 78.0526 47.8288 44.053 42.43 36.6841 48.6637 28.7177 25.2325 19.2157 17.2944 28.0733 23.8004 21.5861 17.016 14.7576 19.7104 15.5414 14.1794 16.5306 13.9932 30.6896 18.0864 22.7182 13.6487 13.5921 19.1218 13.2624
threshold=1105.5000000000002 88.500000000000014 4321.5000000000009 5.5000000000000009 926.50000000000011 0.020679976791143421 0.00029128087044227874 27.500000000000004 0.0032802853966131811 5.5000000000000009 51.500000000000007 6.5000000000000009 28.500000000000004 84.500000000000014 56.500000000000007 1753.5000000000002 3.5000000000000004 2.5000000000000004 4.106040432816372e-05 0.00079061949509195994 13.500000000000002 992.50000000000011 0.0034235835773870353 13.500000000000002 989.50000000000011 16.500000000000004 2068.5000000000005 5.5000000000000009 24.500000000000004 7.5000000000000009
decision_type=2 2 2 2 2 2 2 2 2 2 2 2 2 2 2 2 2 2 2 2 2 2 2 2 2 2 2 2 2 2
left_child=1 5 6 29 7 11 -2 10 17 16 20 -1 -13 14 -14 27 -8 19 -19 -9 21 -5 24 -24 25 -11 -6 28 -15 -3
right_child=2 3 -4 4 26 -7 9 8 -10 22 -12 12 13 15 -16 -17 -18 18 -20 -21 -22 -23 23 -25 -26 -27 -28 -29 -30 -31
leaf_value=0.13372167732101267 -0.022615604512531248 -0.014461123111912942 -0.042629253132512243 0.03995636354866363 0.032340466323043306 0.17075945672692575 -0.015986061766839626 -0.036480940763259979 0.2884041685124194 0.10332007009351617 0.18770140360688192 0.01271333587910416 0.079467828032965648 0.078108336770905243 0.22695820603843223 -0.039093953265284899 0.10185679854961736 0.16873944593828527 0.052432561539464267 0.11460939828089277 0.16749277245206978 0.14345432763024865 0.049211697000429877 0.22854470482863767 -0.0033490905613372149 -0.05056619074435495 -0.033498928142174068 0.042607298016646027 0.17238341435791474 0.023095235403600076
leaf_weight=24.400899242609739 179.33938795700669 67.899206915870309 512.00251310970634 60.137691766023636 76.491367698647082 25.582334482111037 46.348285212181509 3.4895051391795322 3.9767296919599167 11.372731185518203 3.5640759877860537 7.9928157245740286 4.8661412233486754 18.841060741804544 6.246233987621963 3.8893854059278956 3.2801116416230789 9.7833208711817843 5.8036463186144838 3.3225505137816072 2.5204536868259302 4.122508803382515 11.024639246053992 3.0444852504879227 19.072757795453072 3.0393100418150416 8.7744977716356498 13.034768807701765 7.5276448354125014 35.954212157987058
leaf_count=408 18613 6508 59016 4843 6196 323 4746 255 208 1064 250 306 233 1135 237 232 297 551 349 212 189 357 1027 253 1837 282 763 648 257 3120
internal_value=-0.00161282 0.0556956 -0.0305548 0.0331278 0.0528654 0.113096 -0.00819785 0.0769325 0.12722 0.0184086 0.0580771 0.0961013 0.0813897 0.0914792 0.162372 0.0732825 -0.00819742 0.0986037 0.125434 0.0372127 0.051159 0.0465961 0.0461752 0.0880184 0.0285941 0.0708675 0.0255651 0.0843748 0.105022 -0.00145905
internal_weight=1186.75 398.221 788.524 285.84 181.986 112.381 276.522 96.7205 26.3758 97.1823 70.3447 86.7989 62.3981 54.4052 11.1124 43.2929 49.6284 22.399 15.587 6.81206 66.7807 64.2602 47.5539 14.0691 33.4848 14.412 85.2659 39.4035 26.3687 103.853
internal_count=114715 27580 87135 23801 14173 3779 28119 7214 1575 9506 5639 3456 3048 2742 470 2272 5043 1367 900 467 5389 5200 4463 1280 3183 1346 6959 2040 1392 9628
is_linear=0
shrinkage=0.05


Tree=5
num_leaves=31
num_cat=0
split_feature=18 18 18 5 33 7 31 33 14 25 25 14 36 36 21 14 36 7 23 7 36 21 9 19 7 36 14 5 6 33
split_gain=681.483 145.722 113.804 37.4325 28.9176 25.8479 24.1195 26.2884 22.6937 21.4487 19.2967 16.5172 25.6262 23.6751 24.3999 48.64 18.1454 14.2761 12.9881 12.685 13.1757 13.5326 12.3125 16.6798 11.6455 18.921 14.3752 11.5626 11.1977 10.7232
threshold=793.50000000000011 50.500000000000007 3553.5000000000005 0.017729552462697033 975.50000000000011 4.8545823097229013 1.0000000180025095e-35 1918.5000000000002 1.5000000000000002 311.41667175292974 4.6083333492279062 3.5000000000000004 98.500000000000014 118.50000000000001 59.500000000000007 1.5000000000000002 227.50000000000003 3.6876887083053593 1.5000000000000002 0.45473271608352667 28.500000000000004 8.5000000000000018 10.500000000000002 1.0000000180025095e-35 0.65294191241264354 171.50000000000003 1.0000000180025095e-35 0.0020900849485769872 1.0609567652863918e-05 720.50000000000011
decision_type=2 2 2 2 2 2 2 2 2 2 2 2 2 2 2 2 2 2 2 2 2 2 2 2 2 2 2 2 2 2
left_child=1 4 10 6 5 22 -3 9 -5 11 -2 12 27 29 18 -16 19 -12 24 20 -13 -22 23 -1 26 -26 28 -8 -15 -14
right_child=2 3 -4 8 -6 -7 7 -9 -10 -11 17 16 13 14 15 -17 -18 -19 -20 -21 21 -23 -24 -25 25 -27 -28 -29 -30 -31
leaf_value=0.066342109846885169 -0.01406358658133774 -0.045424314589946314 -0.040915116133773674 0.057253668444649179 0.061480322914710554 0.19711222542916329 -0.010685169764336156 -0.026229662074910544 0.19003124535851146 0.16800842821086096 0.0080102900141509181 0.035302036376025622 0.062152567207196655 0.1592648398658105 0.22157302723294492 -0.034366663173200411 -0.0014036627154111409 0.085393190776715297 -0.013217798657705627 0.029835653093362537 0.16455015980338089 0.062874250365696591 0.13503965918209299 0.1431748559324735 -0.0014703146489793669 0.10467135746926713 0.022300790897590766 0.055075634684491996 0.029600129340769415 0.16101937863825297
leaf_weight=22.447614660486579 159.14168536663055 9.7497501512989384 530.98059278354049 6.9309194628149253 25.072299879044294 10.306062405928968 40.08278210926801 16.389985093846917 6.0073050549253821 3.1959623061120501 130.62381119932979 4.6144343446940246 5.3136101206764561 3.5740236472338429 4.7732495777308932 3.0377377979457378 7.0608037691563359 6.2451599435880771 14.676076469942926 6.773165948688983 10.192943245172499 4.8200583234429351 29.532743630930781 10.307299307547508 6.0907141789793995 13.516174902208148 73.327025239355862 8.0222405502572638 3.1173040317371488 5.6682510590180755
leaf_count=854 16217 971 63487 425 721 127 3542 1383 278 191 12348 206 399 323 340 204 445 486 1144 316 499 242 382 286 460 1046 5951 535 272 444
internal_value=-0.00220163 0.0557872 -0.0270663 0.0360256 0.107775 0.123764 0.0316309 0.0348381 0.118903 0.0394324 -0.00222449 0.0375181 0.0315579 0.0428624 0.0365383 0.122037 0.0697932 0.0115412 0.0306957 0.0888347 0.109194 0.131906 0.111628 0.0905198 0.0371647 0.0716993 0.0287027 0.00028144 0.0988576 0.113182
internal_weight=1181.59 354.601 826.991 256.935 97.666 72.5937 243.996 234.247 12.9382 217.857 296.011 214.661 181.199 133.094 122.112 7.81099 33.4614 136.869 114.301 26.4006 19.6274 15.013 62.2877 32.7549 99.6252 19.6069 80.0184 48.105 6.69133 10.9819
internal_count=114524 21986 92538 19616 2370 1649 18913 17942 703 16559 29051 16368 14660 10583 9740 544 1708 12834 9196 1263 947 741 1522 1140 8052 1506 6546 4077 595 843
is_linear=0
shrinkage=0.05


Tree=6
num_leaves=31
num_cat=0
split_feature=15 8 16 16 20 6 20 2 17 16 16 11 25 7 16 7 2 36 36 7 21 14 21 21 16 15 24 7 25 7
split_gain=598.058 125.253 51.1395 39.9155 37.591 30.7369 30.6679 21.8997 22.4337 21.562 19.6306 18.4887 18.0778 17.4415 29.8636 23.9958 34.5584 16.4875 15.9266 15.4452 15.0154 12.3867 24.6484 14.2116 15.9883 15.2065 13.9952 11.8822 11.4349 10.7919
threshold=1.0000000180025095e-35 1.0000000180025095e-35 4.5000000000000009 27.500000000000004 2.5000000000000004 0.021886436268687252 17.500000000000004 7.5000000000000009 3.5000000000000004 6.5000000000000009 1.5000000000000002 15.500000000000002 13.00833320617676 1.1133039593696596 60.500000000000007 1.2819156646728518 5.5000000000000009 346.50000000000006 116.50000000000001 2.4135125875473027 10.500000000000002 1.5000000000000002 61.500000000000007 78.500000000000014 12.500000000000002 1.5000000000000002 6.5000000000000009 0.88620412349700939 5.5416667461395273 1.0764548778533938
decision_type=2 2 2 2 2 2 2 2 2 2 2 2 2 2 2 2 2 2 2 2 2 2 2 2 2 2 2 2 2 2
left_child=4 2 6 19 10 13 7 8 -2 -6 -1 18 -5 17 15 16 -15 21 -7 -3 -9 22 27 -24 25 -25 -23 -4 -11 -12
right_child=1 3 5 12 9 11 -8 20 -10 28 29 -13 -14 14 -16 -17 -18 -19 -20 -21 -22 26 23 24 -26 -27 -28 -29 -30 -31
leaf_value=-0.041577788362136547 -0.017951466342341207 0.050087121742645971 0.020443214726149815 0.097720671554077265 0.0010912637078134746 0.087444795531990138 0.17208950313419549 0.11447131083322665 0.13686741289002041 0.041787154829789036 -0.02541551552547687 0.02929867390488123 0.16721118673410607 0.26620433089859297 0.18426908311522336 0.029867742862124826 0.048191581208140252 -0.029669335174282298 0.21709603479322809 0.11030742562650669 0.0093843459332217244 0.051856301231084062 0.16843278124257199 0.018119227952681439 -0.035295699438680272 0.17465287447356415 -0.039698740022420437 -0.039362249702994123 0.19019567309446372 0.017083980715120659
leaf_weight=474.62698047142476 98.121826276183128 48.580563834868371 140.73926745541394 21.241732377558947 25.199690843932334 5.0402449211105687 2.4671347625553599 5.7508251648396245 2.3970372090116134 2.7082610931247464 121.87742984574288 4.9602415179833761 16.730580280534923 2.8393418546766034 4.4521447392180553 34.052052062004805 5.0519944354891777 11.893315277062355 4.46888817101717 13.636112187989054 8.3128037573769671 75.277747981250286 3.8786913389340034 2.9080412862822396 3.2396486382931471 3.3260175073519349 4.4190533896908155 8.8261401336640102 2.492475557141006 17.023626725189388
leaf_count=58725 9160 2199 12099 324 2763 238 182 451 157 266 14106 244 171 208 183 2270 367 966 230 266 620 4492 298 237 248 218 264 683 243 1874
internal_value=-0.00162942 0.0375675 0.0258963 0.087941 -0.0340503 0.0363716 -0.00232783 -0.0060833 -0.0142596 0.020221 -0.0367395 0.107555 0.128338 0.0329487 0.0611429 0.0480735 0.126634 0.027809 0.148375 0.0632857 0.052356 0.0306267 0.0227249 0.0878152 0.054809 0.101634 0.0467797 0.016914 0.112913 -0.0202068
internal_weight=1176.54 532.611 432.422 100.189 643.928 315.373 117.05 114.582 100.519 30.4004 613.528 14.4694 37.9723 300.903 46.3955 41.9434 7.89134 254.508 9.50913 62.2167 14.0636 242.615 162.918 13.3524 9.47371 6.23406 79.6968 149.565 5.20074 138.901
internal_count=114752 36775 33815 2960 77977 23245 10570 10388 9317 3272 74705 712 495 22533 3028 2845 575 19505 468 2465 1071 18539 13783 1001 703 455 4756 12782 509 15980
is_linear=0
shrinkage=0.05


Tree=7
num_leaves=31
num_cat=0
split_feature=15 13 16 8 18 17 16 21 7 33 16 33 18 7 21 18 0 15 5 15 16 33 7 24 18 14 23 11 18 16
split_gain=544.918 140.093 62.8939 63.4781 52.0855 37.5151 34.1914 24.5055 19.6787 17.5436 15.2037 14.9402 14.7626 18.8513 14.3149 11.8737 11.2058 10.581 12.6191 11.5731 10.1455 9.95627 21.5781 9.40139 9.30769 9.76517 9.2836 10.8768 12.1505 14.0285
threshold=1.0000000180025095e-35 1.5000000000000002 27.500000000000004 1.0000000180025095e-35 18.500000000000004 5.5000000000000009 1.0000000180025095e-35 63.500000000000007 0.26647882163524633 1918.5000000000002 7.5000000000000009 1010.5000000000001 507.50000000000006 1.1666908860206606 31.500000000000004 4411.5000000000009 1.0000000180025095e-35 2.5000000000000004 0.0051321373321115979 16.500000000000004 11.500000000000002 560.50000000000011 1.1767178773880007 7.5000000000000009 50.500000000000007 6.5000000000000009 3.5000000000000004 2.5000000000000004 3216.5000000000005 6.5000000000000009
decision_type=2 2 2 2 2 2 2 2 2 2 2 2 2 2 2 2 2 2 2 2 2 2 2 2 2 2 2 2 2 2
left_child=4 2 7 17 -1 8 -6 10 -3 20 -2 12 13 -12 21 26 24 -4 19 -19 -9 22 -8 -22 -7 -26 27 28 29 -16
right_child=1 5 3 -5 6 16 14 9 -10 -11 11 -13 -14 -15 15 -17 -18 18 -20 -21 23 -23 -24 -25 25 -27 -28 -29 -30 -31
leaf_value=0.16847618270355535 0.0032098173390717488 0.07982574531070262 -0.0097351774875306177 0.20483845862874317 -0.043334804653166283 0.072452252236930609 -0.012437684115327011 0.090865555116871069 0.17824001882022475 8.1334918753917147e-05 0.042492645078305594 0.0040205897529623303 0.016818958826969811 0.13045667846498885 -0.011118475523493827 -0.022243511272694198 0.10635515476387447 0.06975497801990245 0.13730207608764228 0.0048261626502761404 -0.0095315743262524722 -0.029987735379241404 0.12378892991910406 0.090287616245121938 -0.015909754238469836 0.072437474863123019 -0.05048856728895517 -0.0057663913517705979 0.16793725953297509 0.14529520977398724
leaf_weight=3.1619883626699439 205.11205627769232 7.5756474426016238 6.0990759441629043 7.9688869873061767 410.80775175709277 39.161356450989842 36.844343789853156 21.490301644429568 15.415973748080431 11.808394250459967 41.218136498704553 59.372024401091039 50.388089909218252 7.1468391027301541 3.8103055283427292 12.421863372437654 17.8233527764678 22.768736175261438 4.7643587971106163 9.8242417676374298 6.0061113918200117 139.43946414813399 3.1558794640004626 3.8844774281606078 7.0719203632324916 5.608113395050168 2.2853869143873444 4.4729893831536165 3.2050889674574137 2.2981054531410336
leaf_count=61 17647 296 473 247 53151 477 4345 1275 324 920 2694 4693 4071 359 407 1512 165 1303 175 532 327 16751 337 182 343 136 242 480 358 232
internal_value=-0.00186699 0.0343636 0.0230168 0.075114 -0.0339383 0.0904324 -0.0349727 0.016425 0.145813 0.0520305 0.0121914 0.0238419 0.0357588 0.055491 -0.0184519 0.0144701 0.072155 0.0513256 0.0612946 0.050184 0.0715786 -0.0236797 -0.00168987 0.0296719 0.0603968 0.0231644 0.0428459 0.0583179 0.0890957 0.0477275
internal_weight=1172.41 550.508 457.852 51.4253 621.903 92.6564 618.741 406.426 22.9916 43.1893 363.237 158.125 98.7531 48.365 207.933 28.4937 69.6647 43.4564 37.3573 32.593 31.3809 179.44 40.0002 9.89059 51.8414 12.68 16.0719 13.7865 9.3135 6.10841
internal_count=114515 36639 34898 2730 77876 1741 77815 32168 620 2704 29464 11817 7124 3053 24664 3231 1121 2483 2010 1835 1784 21433 4682 509 956 479 1719 1477 997 639
is_linear=0
shrinkage=0.05


Tree=8
num_leaves=31
num_cat=0
split_feature=15 18 18 16 16 7 17 15 25 8 15 20 9 18 19 18 23 18 31 25 7 36 7 18 6 36 20 36 25 15
split_gain=517.572 116.88 33.8151 30.2682 25.4246 21.1853 21.6061 20.4062 15.9591 15.2093 14.7513 18.6563 16.5195 14.1652 13.2507 12.0222 12.2413 10.0372 25.1312 10.2102 9.78396 11.3831 9.13723 8.7755 8.37276 8.20193 9.11819 8.06157 7.82347 15.8568
threshold=1.0000000180025095e-35 126.50000000000001 18.500000000000004 1.5000000000000002 3.5000000000000004 2.2480794191360478 3.5000000000000004 47.500000000000007 70.658332824707045 1.0000000180025095e-35 7.5000000000000009 5.5000000000000009 10.500000000000002 40.500000000000007 3.5000000000000004 1105.5000000000002 5.5000000000000009 1050.5000000000002 2.5000000000000004 347.02499389648443 1.0764548778533938 309.50000000000006 3.9231564998626713 6.5000000000000009 0.0069215719122439632 104.50000000000001 6.5000000000000009 160.50000000000003 2.8750000000000004 7.5000000000000009
decision_type=2 2 2 2 2 2 2 2 2 2 2 2 2 2 2 2 2 2 2 2 2 2 2 2 2 2 2 2 2 2
left_child=2 5 -1 -4 9 8 -7 15 10 22 12 27 23 -14 20 16 17 19 -19 28 -5 -22 -3 -2 -10 -25 -27 -12 -6 -30
right_child=1 4 3 14 7 6 -8 -9 24 -11 11 -13 13 -15 -16 -17 -18 18 -20 -21 21 -23 -24 25 -26 26 -28 -29 29 -31
leaf_value=0.11293091055705846 0.066050754160752137 -0.014294263579842308 -0.041143937892692557 -0.021822442660158745 0.017015462756620567 0.14906244153033785 0.072387003781237996 0.12774656800214498 0.13916874481576533 0.07795971165307447 0.11177318993930459 0.023090474088335856 0.13551461929001876 0.030475585156758713 0.12197544227371789 0.0077506290322849935 -0.017077427048800057 -0.031605481149971117 0.16355763230743692 0.11826495299276754 0.00046367219465825608 0.10908332275761651 0.091039493756299161 -0.027020162890834355 0.067227024723722204 0.038336752009079107 -0.032826911745508787 0.061705550581178374 0.029747037392404231 0.082710561099168467
leaf_weight=3.9070585966110221 9.1360223144292814 77.240249900147319 449.38521133456379 129.33063106052577 81.903109317645431 14.334244457073508 25.589232330210507 4.7364795934408894 8.3727089008316415 5.0552869178354731 20.546180350705981 13.751006438396869 6.7448674989864212 6.1238385885953903 1.7390814628452052 89.954765328206122 13.320427197031675 2.6266643702983847 4.4340914860367775 3.2468758439645162 16.679394165053967 2.8198227854445568 2.1152056045830241 10.173233596608041 7.8232654472813001 24.05817441362888 5.5372494449838987 13.208229865878819 101.22397940792143 16.42499690875411
leaf_count=65 174 7377 60454 15387 6126 327 242 198 242 430 329 252 183 323 170 7772 886 217 342 161 1756 295 145 597 172 1423 346 265 7324 823
internal_value=-0.00146583 0.0328104 -0.0336884 -0.0346432 0.0182629 0.0681929 0.0999168 0.0247404 0.058099 -0.00612975 0.0512341 0.0721823 0.0351244 0.0855296 -0.0152412 0.0231823 0.0294022 0.0323524 0.0909552 0.030312 -0.0168446 0.0161714 -0.0114866 0.0218609 0.104418 0.0117092 0.0250222 0.0921815 0.0288809 0.0371413
internal_weight=1171.54 567.68 603.861 599.954 402.282 165.398 39.9235 317.871 125.475 84.4107 109.279 47.5054 61.7734 12.8687 150.569 313.135 223.18 209.86 7.06076 202.799 148.83 19.4992 79.3555 48.9047 16.196 39.7687 29.5954 33.7544 199.552 117.649
internal_count=114803 36676 78127 78062 31801 4875 569 23849 4306 7952 3892 846 3046 506 17608 23651 15879 14993 559 14434 17438 2051 7522 2540 414 2366 1769 594 14273 8147
is_linear=0
shrinkage=0.05


Tree=9
num_leaves=31
num_cat=0
split_feature=15 18 20 16 7 18 16 5 2 16 18 11 33 25 18 33 5 33 33 33 11 16 33 34 25 7 33 7 14 15
split_gain=457.729 99.1698 36.285 30.5475 26.7889 26.0462 22.2692 37.1977 33.0598 20.7571 19.5432 19.234 17.6637 19.5983 17.8846 32.8 17.5891 16.3199 14.0759 12.4188 10.815 13.2158 13.7099 10.2699 13.4166 10.223 15.0388 9.95349 9.90264 20.7099
threshold=1.0000000180025095e-35 88.500000000000014 2.5000000000000004 6.5000000000000009 1.0764548778533938 18.500000000000004 14.500000000000002 0.0032426697434857492 28.500000000000004 1.0000000180025095e-35 9401.5000000000018 13.500000000000002 926.50000000000011 3.0416666269302373 529.50000000000011 312.50000000000006 0.022721836343407634 898.50000000000011 600.50000000000011 877.50000000000011 1.5000000000000002 12.500000000000002 304.50000000000006 2.5000000000000004 28.508333206176761 1.0517388582229616 392.50000000000006 3.1082813739776616 3.5000000000000004 10.500000000000002
decision_type=2 2 2 2 2 2 2 2 2 2 2 2 2 2 2 2 2 2 2 2 2 2 2 2 2 2 2 2 2 2
left_child=2 11 5 27 12 -1 18 -8 -9 -7 17 16 13 19 15 -15 20 23 -6 -5 21 22 -2 24 -4 -11 -27 -3 -14 -30
right_child=1 3 10 4 6 9 7 8 -10 25 -12 -13 28 14 -16 -17 -18 -19 -20 -21 -22 -23 -24 -25 -26 26 -28 -29 29 -31
leaf_value=0.09790516114949345 0.077802535277290363 -0.0004717154522356929 0.020713654831573589 0.010339843911580096 0.10050962664646779 -0.043416047600888574 0.015455722443671863 0.25957675660424939 0.084489124070544028 -0.027410027509001601 -0.0442394389836578 0.0056439277190276525 0.00026633898791570586 0.19617953597591437 0.024214862696954081 0.058261288334740292 0.1059698504510278 -0.0079392535947793857 0.017544637770519029 0.11412934018222098 0.1107149963128905 0.073811303168022604 0.018479679513593066 0.1623585297601251 0.15148065623059581 0.13266548319031329 -0.0049308222123565226 0.059306470538961688 0.12786262185584571 -0.019785648443279041
leaf_weight=3.6250239983201018 14.089865161105989 171.54024776816368 7.0173914600163751 58.781985035166144 6.6034662602469352 367.19119760440663 6.7720408318564322 4.9792505381628853 5.8796298019587994 158.75994017906487 8.136879373341797 12.385837821289895 87.359759662300348 5.2437637606635716 23.34890871308744 24.233166295103729 28.072402199730277 8.2212247294373793 22.641845528967679 3.0307268509641281 10.106083031743763 51.140102011151612 31.542842820286751 3.0534456497989586 2.7224797052331269 2.183177052531394 21.96640217769891 7.2581778243184081 4.7487257653847319 4.751219336874783
leaf_count=55 477 15156 718 4043 402 51787 406 202 253 20237 1075 282 6948 202 1718 1351 218 846 1441 201 273 968 1359 312 271 206 2528 450 250 219
internal_value=-0.00146576 0.0297993 -0.0328184 0.0178431 0.0288379 -0.0356808 0.0630359 0.107421 0.164774 -0.0365611 0.021552 0.0652753 0.0212583 0.0345404 0.0569033 0.0827961 0.0707483 0.0470266 0.0362778 0.0154287 0.0614971 0.0563572 0.0367966 0.0823486 0.0572655 -0.0227998 0.0075082 0.00195493 0.00553838 0.0540191
internal_weight=1167.39 584.51 582.877 437.173 258.374 553.726 46.8762 17.6309 10.8589 550.101 29.1514 147.337 211.498 114.639 52.8258 29.4769 134.951 21.0145 29.2453 61.8127 106.879 96.7728 45.6327 12.7933 9.73987 182.91 24.1496 178.798 96.8597 9.49995
internal_count=114854 36819 78035 33242 17636 74813 2704 861 455 74758 3222 3577 14932 7515 3271 1553 3295 2147 1843 4244 3077 2804 1836 1301 989 22971 2734 15606 7417 469
is_linear=0
shrinkage=0.05


Tree=10
num_leaves=31
num_cat=0
split_feature=15 18 18 14 20 18 16 33 7 33 16 14 8 9 35 33 25 21 21 7 2 11 25 33 18 34 8 25 18 18
split_gain=389.919 81.9736 35.92 26.8824 26.2487 25.6815 25.479 16.6748 16.209 17.193 16.0384 14.3329 13.7807 12.7694 16.5501 11.2276 13.6462 34.7022 16.7458 11.1761 9.95916 9.61863 9.5274 22.3906 23.0709 17.719 8.83952 8.75805 12.3651 8.70529
threshold=1.0000000180025095e-35 126.50000000000001 4411.5000000000009 7.5000000000000009 2.5000000000000004 18.500000000000004 6.5000000000000009 664.50000000000011 2.3747106790542607 784.50000000000011 2.5000000000000004 2.5000000000000004 9.5000000000000018 1.5000000000000002 3.5000000000000004 1896.5000000000002 21.22500038146973 21.500000000000004 90.500000000000014 5.3971235752105722 1.5000000000000002 2.5000000000000004 4.4249999523162851 728.50000000000011 1050.5000000000002 1.5000000000000002 2.5000000000000004 98.77500152587892 2972.5000000000005 550.50000000000011
decision_type=2 2 2 2 2 2 2 2 2 2 2 2 2 2 2 2 2 2 2 2 2 2 2 2 2 2 2 2 2 2
left_child=2 3 4 8 5 -1 20 -6 12 -10 -7 22 15 14 -13 16 21 -18 -19 -4 -3 -2 26 24 29 -26 -8 -12 -29 -24
right_child=1 6 19 -5 7 10 11 -9 9 -11 27 13 -14 -15 -16 -17 17 18 -20 -21 -22 -23 23 -25 25 -27 -28 28 -30 -31
leaf_value=0.098463394451143271 0.014514992754583293 -0.0092841726225282983 -0.040344688352105383 0.085436037281792637 0.10514462027690311 -0.036628602169730358 0.0035801798932126394 -0.0018662201513816241 0.11587648248748197 0.036042217185733118 -0.0079422420826923256 0.14845633301706421 0.11021587138917886 0.018109919701581316 0.051641941385972834 -0.03560483423593571 0.16734511044724956 0.001241125644460341 0.096254243010641394 0.049214793218179342 0.016168983310792289 0.084184672959038781 0.070780116331565723 0.015854226836529785 0.23990989395528978 0.077177407702315723 0.094776648426048604 -0.025330322229758746 0.14491666770201059 0.0078422270919783522
leaf_weight=4.5849304199218741 57.042897338978946 112.64821136556566 399.78187015326694 50.821297254413366 7.3769940817728621 79.94675105297938 83.82102179992944 7.1869117673486471 13.81804409902543 13.173106504604219 58.838817395269871 5.754826630465689 5.5096214385703197 17.225701955147088 18.950050720945001 6.3025914970785371 6.1624054703861502 14.129020227119328 6.9032041216269127 3.5140397059731177 58.330811826512218 5.4252899456769219 11.887849461287265 88.552716202102602 2.9239672496914855 3.9090384999290109 2.744118249975144 1.9867762448266137 2.3026459272950888 10.215250314213334
leaf_count=64 2442 10471 58138 454 630 10599 6528 673 212 230 7036 261 105 734 952 315 255 483 195 474 4599 202 632 6381 215 292 174 209 235 652
internal_value=-0.00182906 0.0263811 -0.0315722 0.0546538 -0.0117036 -0.01802 0.0142244 0.0523375 0.0424763 0.0769131 -0.0217528 0.0245289 0.0333165 0.0511539 0.0741942 0.0289015 0.0334358 0.0629995 0.0324264 -0.0395643 -0.000600632 0.0205657 0.0190578 0.0283316 0.0665159 0.146814 0.00647111 -0.00291385 0.0660616 0.0416925
internal_weight=1161.77 596.251 565.52 179.287 162.224 147.66 416.964 14.5639 128.466 26.9912 143.075 245.985 101.475 41.9306 24.7049 95.9654 89.6628 27.1946 21.0322 403.296 170.979 62.4682 204.054 117.489 28.9361 6.83301 86.5651 63.1282 4.28942 22.1031
internal_count=114842 36784 78058 4893 19446 18143 31891 1303 4439 442 18079 16821 3997 1947 1213 3892 3577 933 678 58612 15070 2644 14874 8172 1791 507 6702 7480 444 1284
is_linear=0
shrinkage=0.05


Tree=11
num_leaves=31
num_cat=0
split_feature=15 13 16 33 17 8 16 16 23 4 5 33 7 25 36 36 16 25 7 33 7 14 33 16 36 7 35 7 25 15
split_gain=386.48 89.6003 28.5552 26.2547 26.1639 25.1197 26.1888 21.1303 15.2029 14.163 13.8052 13.2888 22.1819 12.4229 16.5434 20.0851 12.158 12.0176 21.2415 17.249 15.5183 11.7929 10.5799 9.64464 18.1227 9.09002 8.55471 8.2449 7.88617 7.74241
threshold=1.0000000180025095e-35 1.5000000000000002 1.0000000180025095e-35 1.0000000180025095e-35 5.5000000000000009 1.0000000180025095e-35 37.500000000000007 4.5000000000000009 1.0000000180025095e-35 1.5000000000000002 0.022721836343407634 905.50000000000011 3.6876887083053593 0.10833333432674409 140.50000000000003 150.50000000000003 9.5000000000000018 9.1416664123535174 0.506951004266739 520.50000000000011 0.85474470257759105 12.500000000000002 272.50000000000006 26.500000000000004 251.50000000000003 4.2699463367462167 11.500000000000002 5.3971235752105722 5.6416666507720956 7.5000000000000009
decision_type=2 2 2 2 2 2 2 2 2 2 2 2 2 2 2 2 2 2 2 2 2 2 2 2 2 2 2 2 2 2
left_child=2 5 3 -1 8 7 -7 27 29 25 16 12 13 26 28 -16 -6 20 -19 -20 22 -18 -17 24 -24 -4 -9 -2 -15 -3
right_child=1 4 9 -5 10 6 -8 11 -10 -11 -12 -13 -14 14 15 17 21 18 19 -21 -22 -23 23 -25 -26 -27 -28 -29 -30 -31
leaf_value=0.071789115152250019 -0.0074582050835891069 0.05079765520683676 -0.019550283974564514 -0.042035219888088809 0.081557255326039885 0.033790883515424759 0.12779767323408861 0.014566756033046545 0.15423986270181517 0.1280889060290224 0.084942017540966058 0.0090449069937958183 0.12727930950760713 -0.025258219321817835 0.15993031608613917 0.038829830302779283 0.0028871080060639269 -0.011255839987550304 0.15627782867634477 0.022526557734269981 -0.023032641940213042 0.055399524048324156 0.074391662728706523 0.068322117727506362 0.23190502864434986 0.048429464288805478 -0.050643406737738463 0.082274815593883735 0.025735146439051934 0.11455642773287605
leaf_weight=5.1406665518879882 112.41171129327267 10.36138341389597 186.3586783404462 349.4218242992647 12.765851225703953 46.667925973422825 8.8067050408571941 61.144289421848953 10.813942232169209 1.6792002841830242 22.609237276017666 157.95496450643986 5.5740166315808883 9.7189953215420228 4.2644354337826362 6.66067069675774 24.24539012555033 16.376432193443183 4.3357386887073499 5.4285730998963118 3.5729844309389582 19.124867834150791 3.5917416717857105 5.8491741372272372 3.7147766472771764 5.0507913008332244 5.4801477473229161 2.6195419486612073 34.480966413393617 8.8098501339554769
leaf_count=66 10270 299 24048 53213 337 2142 188 4312 186 161 132 11539 190 617 243 387 500 1010 216 287 207 171 235 258 267 498 448 125 1978 143
internal_value=-0.00150048 0.025963 -0.0319595 -0.0403849 0.0670891 0.0169956 0.0487146 0.0130252 0.106836 -0.0164881 0.0519539 0.0194893 0.0291826 0.025861 0.0371865 0.0558084 0.0386677 0.0468437 0.023547 0.0819174 0.0728809 0.0260434 0.0901746 0.11617 0.154475 -0.0177565 0.00920294 -0.00541477 0.0145224 0.080097
internal_weight=1155.04 607.384 547.651 354.562 108.731 498.654 55.4746 443.179 29.9852 193.089 78.7453 328.148 170.193 164.619 97.9945 53.7945 56.1361 49.5301 26.1407 9.76431 23.3893 43.3703 19.8164 13.1557 7.30652 191.409 66.6244 115.031 44.2 19.1712
internal_count=114673 36687 77986 53279 1768 34919 2330 32589 628 24707 1140 22194 10655 10465 5705 3110 1008 2867 1513 503 1354 671 1147 760 502 24546 4760 10395 2595 442
is_linear=0
shrinkage=0.05


Tree=12
num_leaves=31
num_cat=0
split_feature=15 15 5 33 16 8 2 5 4 6 33 25 21 7 16 25 6 2 8 23 9 0 16 31 7 25 15 15 33 33
split_gain=355.091 56.8094 32.0828 26.9968 31.1249 21.9512 21.0841 28.1674 17.9387 15.3611 15.5766 15.1078 12.4395 14.0515 12.3156 12.2828 11.9336 19.6387 11.5727 12.5016 15.1837 18.8018 15.7496 14.6282 12.9588 12.0436 17.2596 16.5921 11.9137 15.1625
threshold=1.0000000180025095e-35 3.5000000000000004 0.020679976791143421 1.0000000180025095e-35 1.0000000180025095e-35 9.5000000000000018 14.500000000000002 0.010446566622704269 1.5000000000000002 0.0026358576724305753 1038.5000000000002 178.95833587646487 108.50000000000001 0.38910308480262762 6.5000000000000009 54.291666030883796 0.0051226301584392795 23.500000000000004 1.5000000000000002 2.5000000000000004 3.5000000000000004 1.0000000180025095e-35 10.500000000000002 2.5000000000000004 0.88620412349700939 2.8750000000000004 12.500000000000002 5.5000000000000009 256.50000000000006 848.50000000000011
decision_type=2 2 2 2 2 2 2 2 2 2 2 2 2 2 2 2 2 2 2 2 2 2 2 2 2 2 2 2 2 2
left_child=3 5 6 -1 -5 9 7 18 12 10 11 14 -6 -14 -2 -16 17 -11 19 20 21 22 -3 -24 25 -25 27 -27 -20 -30
right_child=1 2 -4 4 8 -7 -8 -9 -10 16 -12 -13 13 -15 15 -17 -18 -19 28 -21 -22 -23 23 24 -26 26 -28 -29 29 -31
leaf_value=0.083854156686811954 -0.00098160693788399301 0.014574551147415488 0.081950874642267052 -0.041621312455635995 -0.020364313164535325 0.11802515313248677 -0.0022183138974140059 0.1603491793670333 0.13872350851767787 0.03973553980417939 -0.012588282182838799 0.12834964223485218 0.15066359670977295 -0.00021765771389967923 0.021207407402522156 0.11124295042271366 0.013221280860848462 0.16740883856188102 0.091143348507662827 -0.016456049202797456 0.01147240051812983 0.15437987359221733 0.024547324357333158 0.05396996204934304 -0.00023890884845394566 0.084846190164184626 0.036094396489008862 0.1967192745401721 -0.008062066024554379 0.074023335573024554
leaf_weight=5.0412378683686248 96.531954727135599 33.536875505931675 41.327312430366874 333.35389288980514 181.45857898658141 4.7154591893777242 34.024567817337811 4.7732741190120569 1.8483167272061098 25.299806073307995 93.251934317871928 2.7798564909026018 2.2373917251825324 4.9726395825855434 71.479972345754504 3.9999537421390405 42.545432663522661 3.4190305545926085 18.254858958534896 12.643945955671368 45.263712136074901 3.8786762347444883 21.766668109223247 15.230785234831272 4.8899391600862137 6.258370980620386 5.1246173372492185 7.0452891085296869 10.272306840866806 12.436901130713521
leaf_count=61 8435 2277 501 52918 23840 243 1182 76 158 1643 7959 132 255 539 5077 209 2385 171 188 653 1768 190 1181 848 239 355 225 296 263 316
internal_value=-0.00119585 0.0244541 0.0413192 -0.0312996 -0.0324078 0.0108881 0.0341859 0.0403367 -0.0162865 0.00939916 0.00391364 0.0127175 -0.0178051 0.0466033 0.0108488 0.0259787 0.0300316 0.0549353 0.037423 0.0311995 0.0354133 0.0465014 0.0420431 0.0573162 0.0758191 0.0868687 0.114059 0.144091 0.0610685 0.0368927
internal_weight=1149.66 620.752 276.728 528.912 523.871 344.023 235.401 201.376 190.517 339.308 268.044 174.792 188.669 7.21003 172.012 75.4799 71.2643 28.7188 196.603 155.639 142.995 97.7312 93.8525 60.3157 38.549 33.6591 18.4283 13.3037 40.9641 22.7092
internal_count=114583 36812 10558 77771 77710 26254 10057 8875 24792 26011 21812 13853 24634 794 13721 5286 4199 1814 8799 8032 7379 5611 5421 3144 1963 1724 876 651 767 579
is_linear=0
shrinkage=0.05


Tree=13
num_leaves=31
num_cat=0
split_feature=18 18 16 16 33 32 11 25 18 7 7 7 25 25 18 18 21 36 21 9 2 36 25 7 33 21 25 36 25 33
split_gain=308.062 56.5985 34.4941 29.3922 22.5701 19.7815 13.6249 17.5888 23.9628 13.5189 12.1279 11.8763 13.9984 14.8327 13.5389 14.6759 11.0559 11.6584 9.63014 10.099 26.6074 8.96163 8.9069 15.1667 10.2173 8.84141 8.70783 17.7151 14.9376 14.3309
threshold=2253.5000000000005 291.50000000000006 2.5000000000000004 1.5000000000000002 1147.5000000000002 1.0000000180025095e-35 13.500000000000002 7.1083333492279062 6.5000000000000009 4.8545823097229013 0.12299679964780809 0.2166574224829674 3.6583334207534794 12.375000000000002 1255.5000000000002 607.50000000000011 88.500000000000014 20.500000000000004 22.500000000000004 5.5000000000000009 5.5000000000000009 346.50000000000006 31.274999618530277 0.6466086506843568 1478.5000000000002 23.500000000000004 7.7750000953674325 16.500000000000004 12.041666984558107 768.50000000000011
decision_type=2 2 2 2 2 2 2 2 2 2 2 2 2 2 2 2 2 2 2 2 2 2 2 2 2 2 2 2 2 2
left_child=1 4 -3 9 5 6 7 8 -1 -2 21 -12 -13 14 15 -14 17 -9 19 20 -19 -4 -15 24 -24 -25 -5 -28 29 -29
right_child=3 2 10 26 -6 -7 -8 16 -10 -11 11 12 13 22 -16 -17 -18 18 -20 -21 -22 -23 23 25 -26 -27 27 28 -30 -31
leaf_value=0.081101538673867532 -0.04165259912755391 -0.023084338852999316 0.0088523925545208725 -0.023767427648347196 0.008370635569363535 -0.045141920608917668 -0.008823375105426896 0.11805050745098344 0.023191703747802776 0.063817715374025349 0.099640028597666241 -0.0046853861524197233 0.10792958004882901 0.001384127026330706 0.13937922096006219 -0.0016667424197158128 0.10511765595863716 0.057537431325661241 0.028478334461193213 0.041590214818312682 0.17303463555156026 -0.040404830831706103 0.049922175691382659 0.089989992086243614 0.16416929180761225 0.012487107802539121 0.14738826259764587 0.19460438274405376 -0.013660991720743127 0.02514323093650353
leaf_weight=22.306413132697344 340.83485031267628 76.630176408216357 169.5407959362492 78.859849255066365 58.092181500978768 6.1641343119554213 10.924546290189026 7.1703895591199389 89.693225810304284 3.0655632698908439 5.3169285058975211 32.497925565578043 5.3487673196941632 27.762075930368155 5.5225423490628591 7.1215749736875296 13.746295123361049 20.589308998547498 29.088744471780956 25.256128803826869 6.5801968229934564 9.7658339291810972 4.4573395675979546 4.2476501604542163 3.4886706303805113 27.526453507132828 2.0220415298826984 1.6322369794361282 46.205712210852653 5.2942438120953739
leaf_count=209 56222 8553 13313 10335 2688 399 271 164 4005 450 364 2304 328 1909 419 485 237 930 746 505 151 822 259 224 233 1585 252 195 5495 671
internal_value=-0.00231418 0.0195921 0.0068814 -0.0329719 0.036236 0.0432278 0.045645 0.04842 0.0347253 -0.0407124 0.01447 0.0265416 0.0232471 0.0338672 0.0742042 0.0453412 0.063394 0.0569267 0.05155 0.0643515 0.0855098 0.00616963 0.023112 0.0382986 0.100082 0.0228479 -0.0131086 0.00213155 -0.00339645 0.065077
internal_weight=1146.75 668.838 379.227 477.914 289.612 231.519 225.355 214.431 112 343.9 302.597 123.29 117.973 85.4751 17.9929 12.4703 102.431 88.6848 81.5144 52.4256 27.1695 179.307 67.4822 39.7201 7.94601 31.7741 134.014 55.1542 53.1322 6.92648
internal_count=114723 41103 30798 73620 10305 7617 7218 6947 4214 56672 22245 8110 7746 5442 1232 813 2733 2496 2332 1586 1081 14135 4210 2301 492 1809 16948 6613 6361 866
is_linear=0
shrinkage=0.05


Tree=14
num_leaves=31
num_cat=0
split_feature=18 18 18 31 5 11 25 15 18 18 31 36 36 36 21 36 18 7 31 1 11 18 36 17 17 21 9 9 5 31
split_gain=313.635 51.5828 43.7973 16.5828 14.9575 14.0827 13.5274 9.19791 13.8703 10.166 8.98241 8.94734 11.6018 21.2464 12.2673 15.928 9.04039 8.35613 8.18146 7.99462 7.99366 12.9871 7.97929 6.8944 19.9773 9.59328 6.86947 10.543 12.9534 14.9526
threshold=1528.5000000000002 126.50000000000001 4411.5000000000009 1.0000000180025095e-35 0.021600115112960342 13.500000000000002 98.77500152587892 4.5000000000000009 817.50000000000011 721.50000000000011 2.5000000000000004 357.50000000000006 317.50000000000006 324.50000000000006 80.500000000000014 191.50000000000003 1490.5000000000002 0.2923820316791535 1.5000000000000002 8.5000000000000018 49.500000000000007 6361.5000000000009 8.5000000000000018 25.500000000000004 14.500000000000002 66.500000000000014 9.5000000000000018 5.5000000000000009 0.0080719520337879675 2.5000000000000004
decision_type=2 2 2 2 2 2 2 2 2 2 2 2 2 2 2 2 2 2 2 2 2 2 2 2 2 2 2 2 2 2
left_child=1 4 6 -3 5 23 18 11 9 19 -8 12 14 -14 16 17 22 -16 -2 -9 -4 -22 -5 24 25 26 27 28 29 -1
right_child=2 3 20 7 -6 -7 10 8 -10 -11 -12 -13 13 -15 15 -17 -18 -19 -20 -21 21 -23 -24 -25 -26 -27 -28 -29 -30 -31
leaf_value=0.0056275000612274473 -0.036623911153755878 -0.039756625784561551 -0.039408576707491247 0.069155654657716809 0.071953874059126996 -0.01839108736483969 0.0053936599054406204 0.037221771209458875 -0.013923940907972505 0.10772086964314667 0.096622592281687542 -0.050684983804945599 0.13915478985389892 0.022913059533314697 -0.038102048118813972 0.14126194818649593 0.082045363560748832 0.046725694136290456 -0.0077337528754261534 -0.017479630646430329 -0.050400940190745716 0.14564631929038757 0.002516268259975871 0.0094596032417884335 0.11417276753806893 0.081290849874010737 0.059542910959630949 0.00598155122087159 0.10903311911636891 0.055337651797311371
leaf_weight=26.533095757011324 29.089778989553452 14.027060940396039 344.19918468408287 4.5895479833707205 39.718687736429274 10.432843898423014 6.2468030033633095 73.853414587676525 16.270073236897588 4.7247403943911186 4.7496675443835557 5.7883320758119217 4.7375169908627894 23.089990961365402 3.9155749701894846 3.6412857184186569 3.7687066229991606 11.22798721725121 155.51791333174333 7.343623192049562 1.8849512562155717 1.5307931643910704 211.40004601562396 15.167511859908698 9.7096746312454325 12.724596133455632 24.288940642029047 31.523744734935462 6.3372909696772686 35.191120027564466
leaf_count=1064 4131 1743 57987 371 338 292 582 3386 1133 277 381 461 358 1807 274 209 330 606 17559 299 246 245 17101 180 112 320 569 922 92 1291
internal_value=-0.00047966 0.0244391 -0.0280033 0.0136172 0.0442994 0.03791 -0.00907701 0.0156171 0.0284074 0.0364232 0.0447979 0.0108146 0.012151 0.0427027 0.00858694 0.047369 0.00527187 0.0247923 -0.0122862 0.0322745 -0.0386533 0.0374592 0.00393228 0.0415475 0.044874 0.0399482 0.0357014 0.0298864 0.0409583 0.033969
internal_weight=1143.22 600.005 543.219 388.378 211.628 171.909 195.604 374.351 102.192 85.9218 10.9965 272.159 266.371 27.8275 238.543 18.7848 219.758 15.1436 184.608 81.197 347.615 3.41574 215.99 161.476 146.308 136.599 123.874 99.5853 68.0615 61.7242
internal_count=114666 33535 81131 28355 5180 4842 22653 26612 5095 3962 963 21517 21056 2165 18891 1089 17802 880 21690 3685 58478 491 17472 4550 4370 4258 3938 3369 2447 2355
is_linear=0
shrinkage=0.05


Tree=15
num_leaves=31
num_cat=0
split_feature=18 5 31 18 33 18 6 11 36 33 16 34 18 33 33 36 18 18 23 20 21 36 33 24 33 24 18 6 11 36
split_gain=281.243 59.2072 32.7624 27.6952 23.2886 20.1251 14.0884 13.6509 12.8453 12.1127 21.3475 13.2108 11.1374 19.9868 10.4797 9.80299 9.74521 17.081 9.64798 10.6261 10.7646 16.1833 9.44337 9.02865 8.51507 8.06 8.5226 7.51024 7.46772 7.44662
threshold=2253.5000000000005 0.021600115112960342 1.0000000180025095e-35 4321.5000000000009 1918.5000000000002 793.50000000000011 0.00011973655273322949 12.500000000000002 351.50000000000006 8.5000000000000018 1.5000000000000002 1.0000000180025095e-35 745.50000000000011 856.50000000000011 1819.5000000000002 18.500000000000004 1352.5000000000002 1528.5000000000002 1.5000000000000002 2.5000000000000004 9.5000000000000018 343.50000000000006 56.500000000000007 2.5000000000000004 136.50000000000003 1.0000000180025095e-35 941.50000000000011 0.00010650904005160557 4.5000000000000009 110.50000000000001
decision_type=2 2 2 2 2 2 2 2 2 2 2 2 2 2 2 2 2 2 2 2 2 2 2 2 2 2 2 2 2 2
left_child=1 2 -1 6 5 9 -2 -3 15 -4 -11 18 22 -14 25 -8 -6 -18 19 20 -12 23 -13 -22 -17 26 -7 -16 -5 -28
right_child=3 7 4 28 16 14 8 -9 -10 10 11 12 13 -15 27 24 17 -19 -20 -21 21 -23 -24 -25 -26 -27 29 -29 -30 -31
leaf_value=-0.042774941840788248 -0.025214797076063319 0.082683209156073592 0.075295625357214582 -0.040242835533365301 -0.031356834001064565 -0.020382168872863198 0.12219062095186384 0.023943050094994502 0.14115383854130711 -0.028547290541157996 -0.0051158625817764791 0.088300491127667358 0.014585789501427322 0.1805325357319354 0.011860803359533129 0.10272125778293861 0.14419983401577718 -0.01107985971101777 0.042456326094908181 -0.037732150284619188 -0.016158295700646953 0.13081469282052569 0.029200763276302777 0.069263137297705071 -0.0040328864604405419 -0.025963642079244814 0.029819163864526238 0.13316519229013069 0.0064068716109543225 0.0042962382402602917
leaf_weight=23.863668529316783 63.59829621668905 41.939823970198631 12.091847477946429 328.40452018659562 33.345576304011047 23.112765189260244 1.7371292910538603 12.943172492086886 1.826545120216905 18.084456189069897 33.605324550531805 6.9386709583923212 3.8192561063915482 3.4566319286823273 2.4037431767210355 1.9597834874875832 2.3095090053975564 7.5956637836061418 17.549516277387738 14.099338155239819 8.0836450243368763 4.0574489450082174 261.34201138094068 5.010832945816218 39.850611229427159 20.239042527042329 42.2573710558936 2.7196138445287943 8.8089871071279031 88.285288968123496
leaf_count=2729 8955 635 370 57574 2430 1920 189 367 212 1814 2058 115 246 226 232 292 191 697 515 547 484 185 11961 166 4760 1706 3794 210 1302 7614
internal_value=-0.00101505 0.0190088 0.0146978 -0.0319428 0.0169447 0.0196416 -0.0100295 0.0688304 0.011255 0.0260381 0.0244542 0.0271319 0.0323847 0.0934238 0.00577303 0.00580651 -0.0184214 0.0251255 0.00956715 0.00066768 0.0113344 0.0435649 0.0307293 0.0165297 0.000971013 0.00369653 0.00760328 0.0762524 -0.0390242 0.0125581
internal_weight=1135.34 689.154 634.271 446.186 610.408 567.157 108.972 54.883 45.3741 388.139 376.047 357.963 275.557 7.27589 179.018 43.5475 43.2507 9.90517 82.4061 64.8566 50.7573 17.1519 268.281 13.0945 41.8104 173.894 153.655 5.12336 337.214 130.543
internal_count=114496 41212 40210 73284 37481 34163 14408 1002 5453 18687 18317 16503 12548 472 15476 5241 3318 888 3955 3440 2893 835 12076 650 5052 15034 13328 442 58876 11408
is_linear=0
shrinkage=0.05


Tree=16
num_leaves=31
num_cat=0
split_feature=18 18 16 16 11 20 31 5 16 2 33 31 33 21 21 6 20 18 18 33 18 33 18 9 25 33 16 15 33 18
split_gain=256.197 42.6165 32.8736 20.6758 19.7312 18.9687 17.8189 14.5432 13.9926 22.986 13.8093 11.7399 9.4021 12.991 9.40395 8.91057 7.95985 7.4331 6.74924 9.90344 6.68163 15.605 9.26157 9.32103 9.31233 9.6338 10.8882 8.41008 9.76587 8.78529
threshold=2253.5000000000005 152.50000000000003 1.0000000180025095e-35 4.5000000000000009 12.500000000000002 2.5000000000000004 2.5000000000000004 0.021600115112960342 38.500000000000007 9.5000000000000018 312.50000000000006 1.0000000180025095e-35 1918.5000000000002 59.500000000000007 70.500000000000014 1.0000000180025095e-35 19.500000000000004 2682.5000000000005 1021.5000000000001 2194.5000000000005 1796.5000000000002 1566.5000000000002 569.50000000000011 1.5000000000000002 14.608333587646486 1073.5000000000002 10.500000000000002 2.5000000000000004 376.50000000000006 260.50000000000006
decision_type=2 2 2 2 2 2 2 2 2 2 2 2 2 2 2 2 2 2 2 2 2 2 2 2 2 2 2 2 2 2
left_child=1 4 -2 11 7 -4 -7 -1 12 10 15 -3 13 20 -15 -10 -13 -8 -14 -20 22 -22 23 24 25 27 -27 28 -5 -29
right_child=2 3 5 8 -6 6 17 -9 9 -11 -12 16 18 14 -16 -17 -18 -19 19 -21 21 -23 -24 -25 -26 26 -28 29 -30 -31
leaf_value=0.033970181476687358 -0.041746384978403321 -0.050349051047395225 -0.019021035806327337 0.062549924198627177 -0.013227925245682372 0.14672892233482632 0.091047088171321858 0.069134589032483734 0.11249652046381259 0.14839780142618661 0.0035494208440641412 -0.0039077894428216258 -0.032242784510549939 0.11364358339293422 0.035014423901047885 0.026637969899959597 0.095474937047683089 -0.0049437502900603041 0.043632150002037393 -0.050689090199930779 0.0231721511860562 0.15921229532226172 -0.00020770268755838537 -0.0064464617423374074 0.00045533796899215062 0.12914019962098522 0.02266191119148598 0.0034704533781671821 -0.037797190056771304 0.062370565502403157
leaf_weight=185.06504161190242 263.96000656997785 14.164746570400892 153.15196764701977 3.5312937740236503 19.253286547027528 3.0409888876602063 2.4709903327748188 34.956959993578494 6.3647319991141575 4.7126020696014157 19.179148158989847 116.81587570812553 18.925533160567287 4.5494202529080239 23.165134693495929 5.7536341757513583 2.0501191224902859 10.97054525837302 9.012784034945069 4.0261538010090581 18.292282979004089 2.3825662191957226 118.70949434861541 23.525698168203235 19.438148470595479 5.8391070300713164 4.0774555038660765 9.1202663378790039 7.7365879714488983 20.699591958895326
leaf_count=5361 49477 2128 22262 263 465 300 222 265 177 111 1021 11449 1405 231 1040 275 143 1163 722 310 1586 201 8706 1317 1121 449 264 446 576 1107
internal_value=-0.000496588 0.0181821 -0.0307097 0.00931282 0.0353097 -0.013536 0.0374301 0.0395571 0.0160379 0.0454508 0.0299497 -0.00732115 0.0124234 0.0155573 0.0479216 0.0717321 -0.0021937 0.0127025 -0.0131723 0.0145077 0.0117135 0.0388494 0.00907552 0.020803 0.0299035 0.0411264 0.0853589 0.0304509 -0.00634894 0.0443562
internal_weight=1134.94 701.348 433.594 462.072 239.275 169.634 16.4825 220.022 329.042 36.0101 31.2975 133.031 293.032 261.067 27.7146 12.1184 118.866 13.4415 31.9645 13.0389 233.352 20.6748 212.678 93.9681 70.4425 51.0043 9.91656 41.0877 11.2679 29.8199
internal_count=114563 41139 73424 35048 6091 23947 1685 5626 21328 1584 1473 13720 19744 17307 1271 452 11592 1385 2437 1032 16036 1787 14249 5543 4226 3105 713 2392 839 1553
is_linear=0
shrinkage=0.05


Tree=17
num_leaves=31
num_cat=0
split_feature=18 18 16 16 14 7 31 9 33 8 23 7 33 25 35 2 33 33 30 33 1 13 21 25 1 25 5 21 34 5
split_gain=218.195 40.1932 22.9336 20.1711 14.8606 11.0886 10.7883 9.51522 31.6421 9.41335 9.36127 8.58061 8.48229 8.00728 10.9237 10.1143 7.4943 7.97982 7.42692 7.26765 7.27632 15.3549 7.86068 18.9829 11.9934 7.03541 7.85582 6.7384 16.3308 6.0874
threshold=2304.5000000000005 99.500000000000014 1.0000000180025095e-35 6.5000000000000009 11.500000000000002 5.3971235752105722 1.0000000180025095e-35 25.500000000000004 568.50000000000011 2.5000000000000004 6.5000000000000009 2.2919932603836064 184.50000000000003 31.608333587646488 1.5000000000000002 31.500000000000004 1885.5000000000002 1720.5000000000002 1.5000000000000002 8.5000000000000018 4.5000000000000009 3.5000000000000004 31.500000000000004 21.22500038146973 1.5000000000000002 7.4416666030883798 0.011326196137815716 76.500000000000014 1.5000000000000002 0.00038869598938617861
decision_type=2 2 2 2 2 2 2 2 2 2 2 2 2 2 2 2 2 2 2 2 2 2 2 2 2 2 2 2 2 2
left_child=1 4 5 6 16 -2 -3 27 -9 11 -11 18 -4 15 -15 -14 17 19 -5 -1 21 22 23 24 29 -13 -27 -8 -29 -21
right_child=2 3 12 9 -6 -7 7 8 -10 10 -12 25 13 14 -16 -17 -18 -19 -20 20 -22 -23 -24 -25 -26 26 -28 28 -30 -31
leaf_value=0.064311140280559662 -0.041270813451348108 -0.044092037369062871 0.067339254533436629 0.010201036489673047 0.059962259052932454 0.078891191467201527 -0.0062088889909011277 0.1520892182840852 -0.050815954726219352 0.095664428141421454 0.0069824583384121902 -0.006260218080155003 -0.024821869537172483 0.11590678062358456 -0.002522409636505104 0.081593960105899643 -0.019097413083637119 0.076656324987452965 0.08053155460500272 0.016370506111073848 0.047256377598705199 -0.029909783589191125 -0.011055059126321244 0.085389268251471154 0.057685393396790345 0.022204678186636944 0.089169328390964142 -0.010568980734222735 0.10415558596277866 -0.027634077783749725
leaf_weight=11.593203945085405 250.33858757745475 15.964923283085225 2.9724002294242373 262.02076841425151 42.425234561786056 1.9347521811723698 174.52980774920434 3.9410854452289632 3.7493091621436179 7.1087942831218225 5.1184145957231522 5.5312327276915338 131.20630684169009 2.1042513046413687 26.074085673317313 2.2715150476433328 8.4823734937235695 8.3675493011251074 3.808271270710974 37.226914438419044 24.894184567965567 14.84954998642206 12.913859237916766 13.303414099849759 15.572032844647763 8.1089388895779866 9.5231281388550979 8.6752565745264274 4.8283985559828571 9.9623511536046845
leaf_count=334 49002 2414 392 16065 296 305 15876 277 279 303 251 264 19514 274 3197 260 274 193 277 1363 324 140 319 353 316 353 287 651 248 288
internal_value=-0.00214531 0.0146657 -0.0308758 0.00725762 0.0337029 -0.0403493 -0.00457027 -0.00134653 0.0531666 0.0155699 0.0585414 0.0137518 -0.016359 -0.017898 0.00632143 -0.0230109 0.0266145 0.0292223 0.0112086 0.0263937 0.0229787 0.0171578 0.0250128 0.0311363 0.0196363 0.0429386 0.0583725 -0.00357607 0.0304522 0.00708049
internal_weight=1129.4 712.499 416.902 512.908 199.591 252.273 211.689 195.724 7.69039 301.22 12.2272 288.992 164.629 161.656 28.1783 133.478 157.165 148.683 265.829 140.316 128.722 103.828 88.9786 76.0647 62.7613 23.1633 17.6321 188.033 13.5037 47.1893
internal_count=114689 41745 72944 37545 4200 49307 19745 17331 556 17800 554 17246 23637 23245 3471 19774 3904 3630 16342 3437 3103 2779 2639 2320 1967 904 640 16775 899 1651
is_linear=0
shrinkage=0.05


Tree=18
num_leaves=31
num_cat=0
split_feature=18 16 20 31 33 18 16 20 5 15 2 33 24 36 15 36 18 21 31 8 33 7 31 16 36 15 36 15 20 16
split_gain=226.364 34.8518 25.199 18.8874 16.6676 16.6842 14.3356 13.6808 12.3163 11.997 11.6062 15.0221 10.3813 10.3512 11.6895 9.35853 9.15568 8.65596 8.45609 9.24412 8.36805 7.70356 7.52992 7.41026 6.82905 6.59087 9.09726 8.83992 10.8228 14.1804
threshold=2253.5000000000005 26.500000000000004 2.5000000000000004 1.0000000180025095e-35 954.50000000000011 291.50000000000006 1.5000000000000002 6.5000000000000009 0.010446566622704269 11.500000000000002 17.500000000000004 848.50000000000011 95.500000000000014 309.50000000000006 3.5000000000000004 10.500000000000002 4234.5000000000009 88.500000000000014 2.5000000000000004 2.5000000000000004 919.50000000000011 2.6926438808441167 4.0000000000000009 11.500000000000002 347.50000000000006 2.5000000000000004 134.50000000000003 10.500000000000002 1.0000000180025095e-35 8.5000000000000018
decision_type=2 2 2 2 2 2 2 2 2 2 2 2 2 2 2 2 2 2 2 2 2 2 2 2 2 2 2 2 2 2
left_child=1 3 6 -1 5 9 21 18 -3 13 11 16 25 15 -15 -5 -4 -17 -7 20 24 22 -2 -9 -20 -6 27 28 29 -27
right_child=2 8 10 4 12 7 -8 23 -10 -11 -12 -13 -14 14 -16 17 -18 -19 19 -21 -22 -23 -24 -25 -26 26 -28 -29 -30 -31
leaf_value=-0.035363099598439023 -0.042230599106165501 0.028478288333482316 0.082821151493077519 0.087465267372825783 -0.0075348281630957387 -0.0085549198956112616 -0.018965424951015483 0.079950795686984294 0.061374310818150785 0.092576880299398076 0.11488757280487993 -0.03661583914914316 0.092325450598758185 0.11092798846046335 0.024292380232674854 0.016045812360695987 -0.0079820438273330296 0.06910956090055205 0.011743598266489691 0.089756991209624548 0.091480100054781702 0.015013878497904082 0.091358766346360268 -0.0061578089446404074 -0.050623139957529678 0.0090808529088067091 -0.0028724145350220143 -0.0051672629503985877 0.0061133289386660766 0.10234277559105838
leaf_weight=22.139883304480463 267.99441733630374 103.62583564408123 6.7427096189931088 5.4348829858936361 123.58403234742582 65.27919496782124 108.26352151902393 9.9408512841910106 39.223387111909688 7.8214688561856738 2.7205033572390667 10.866866983007638 3.1068773157894602 7.6734621943905932 7.9040595851838589 98.1552843330428 4.7188793867826462 8.3381277918815595 95.992038104683161 3.9067274043336502 3.1635578265413633 6.1228251210413864 1.0590083235874761 3.3372917519882312 4.5996095463633528 6.4838948091492119 62.056490983814001 14.465414281934498 12.057637632824479 10.974818151444195
leaf_count=2777 53735 3189 573 162 9718 5699 15426 704 384 89 312 1496 92 360 223 3983 699 188 7465 231 227 1031 190 186 401 383 3496 414 387 424
internal_value=-0.00147963 0.0154019 -0.0312046 0.00992283 0.0117317 0.0191082 -0.0343787 0.009399 0.0375108 0.0324686 0.017383 0.00550299 0.00154018 0.0287814 0.0669689 0.0234667 0.0454363 0.0202006 0.0056438 0.014253 0.01141 -0.0404428 -0.0417048 0.0583085 0.00889184 0.000311825 0.00945684 0.0268529 0.0425454 0.0677067
internal_weight=1127.75 719.265 408.489 576.416 554.276 321.547 383.44 186.219 142.849 135.327 25.049 22.3285 232.729 127.506 15.5775 111.928 11.4616 106.493 172.941 107.662 103.755 275.176 269.053 13.2781 100.592 229.622 106.038 43.9818 29.5164 17.4587
internal_count=114644 41182 73462 37609 34832 19918 70382 14913 3573 5005 3080 2768 14914 4916 583 4333 1272 4171 14023 8324 8093 54956 53925 890 7866 14822 5104 1608 1194 807
is_linear=0
shrinkage=0.05


Tree=19
num_leaves=31
num_cat=0
split_feature=18 15 16 31 20 21 8 25 9 25 6 16 6 5 3 16 11 2 15 14 18 16 23 25 25 6 24 24 21 11
split_gain=194.551 42.2652 21.7573 18.321 13.1081 9.99938 9.22414 9.10869 8.8852 7.83235 7.80671 7.46993 7.23576 9.06581 7.18942 7.00837 6.91453 13.1458 8.07376 9.31172 6.30432 9.94352 6.93532 7.4042 12.2832 8.87088 6.30116 10.7132 9.33557 6.28514
threshold=4321.5000000000009 1.5000000000000002 22.500000000000004 1.0000000180025095e-35 3.5000000000000004 51.500000000000007 1.0000000180025095e-35 13.00833320617676 22.500000000000004 1.0000000180025095e-35 0.0010628857999108734 5.5000000000000009 0.00011436287240940148 0.00033757716300897306 1.0000000180025095e-35 20.500000000000004 1.0000000180025095e-35 9.5000000000000018 18.500000000000004 17.500000000000004 6.5000000000000009 2.5000000000000004 1.5000000000000002 3.6583334207534794 8.9583330154418963 0.010572365485131742 38.500000000000007 17.500000000000004 106.50000000000001 4.5000000000000009
decision_type=2 2 2 2 2 2 2 2 2 2 2 2 2 2 2 2 2 2 2 2 2 2 2 2 2 2 2 2 2 2
left_child=1 3 14 -1 8 11 16 -8 20 -2 -10 12 -6 -14 15 26 17 18 -4 -20 -5 -22 23 -23 -25 -26 27 -3 -29 -11
right_child=9 2 6 4 5 -7 7 -9 10 29 -12 -13 13 -15 -16 -17 -18 -19 19 -21 21 22 -24 24 25 -27 -28 28 -30 -31
leaf_value=-0.043089772434206954 -0.042659738421146731 0.013039852854259945 0.034286798405671733 0.041387267866309023 0.0027665035347356585 0.085936289076949002 0.033270377747958844 0.071718134737509612 0.0039680934316064049 -0.028929255647588123 0.11217368583406412 -0.018819262716923323 0.13609290371272323 0.026271690254753639 0.067026398969556256 -0.023442958052859002 -0.0014862120475724885 0.077877615156952268 -0.033829821493967592 0.037786178849799901 -0.019855410366929199 -0.0079473172212140043 -0.032470450022121337 0.057971732057809082 0.00082758151794219887 0.079306710376502734 -0.037721302734724863 0.018311349772090809 0.11696889893524483 0.019432964704758939
leaf_weight=26.494297340512276 177.9133562296629 326.0024005966261 46.395604971796274 7.1264622732996932 7.4219612227752858 6.5476597719825795 34.570194757543504 27.786636970937252 3.6538342786952844 107.80907971644774 3.0653012101538479 9.3318400732241553 3.2131571848876774 4.5265395194292068 6.102811253629624 13.20918382424861 18.781957194209099 13.159048321656881 11.108351723290982 7.6748493686318389 86.507865094579756 62.230356336105615 13.731790911871938 13.812019878998397 57.263735602609813 3.8424108703620723 5.8611117154359809 4.894501702859996 4.7007671082392335 7.1644916152581564
leaf_count=4360 36685 17897 1794 74 598 327 376 215 356 21259 228 644 269 287 162 537 725 235 456 163 10843 6617 1318 1296 5105 288 204 213 194 1082
internal_value=-0.00105673 0.0113192 0.0200166 -0.00333519 0.000396169 0.0310492 0.0353959 0.050403 -0.00339117 -0.0360868 0.053332 0.0163767 0.0380394 0.0718643 0.0132183 0.0122925 0.0257604 0.032293 0.0230898 -0.0045674 -0.00494989 -0.00634094 0.00140763 0.00479963 0.0153878 0.00576242 0.0136749 0.0145725 0.0666441 -0.0259156
internal_weight=1121.9 829.017 520.247 308.769 282.275 31.0412 159.477 62.3568 251.234 292.887 6.71914 24.4935 15.1617 7.7397 360.771 354.668 97.1198 78.3379 65.1788 18.7832 244.515 237.388 150.88 137.149 74.9182 61.1061 341.459 335.598 9.59527 114.974
internal_count=114807 55781 23171 32610 28250 2125 3964 591 26125 59026 584 1798 1154 556 19207 19045 3373 2648 2413 619 25541 25467 14624 13306 6689 5393 18508 18304 407 22341
is_linear=0
shrinkage=0.05


Tree=20
num_leaves=31
num_cat=0
split_feature=18 8 32 33 5 20 33 7 20 7 32 21 5 18 20 2 7 33 33 21 2 14 18 18 21 33 5 10 33 20
split_gain=187.214 37.7297 24.6274 14.9633 17.871 23.1439 12.7837 12.2799 11.8809 12.5517 11.1354 9.52133 8.50236 7.38974 9.63368 7.36034 7.26448 13.8311 10.7797 8.3815 6.30621 6.27566 5.98145 5.90971 5.79921 7.54218 6.33152 8.19379 5.60047 5.57091
threshold=3553.5000000000005 1.0000000180025095e-35 1.0000000180025095e-35 982.50000000000011 0.0026986883021891121 1.0000000180025095e-35 400.50000000000006 1.0606354475021365 7.5000000000000009 2.2919932603836064 1.0000000180025095e-35 104.50000000000001 0.010446566622704269 1528.5000000000002 1.0000000180025095e-35 36.500000000000007 1.5763277411460879 1130.5000000000002 816.50000000000011 12.500000000000002 33.500000000000007 4.5000000000000009 4073.5000000000005 18.500000000000004 1.5000000000000002 856.50000000000011 0.0026755400467664008 1.0000000180025095e-35 744.50000000000011 2.5000000000000004
decision_type=2 2 2 2 2 2 2 2 2 2 2 2 2 2 2 2 2 2 2 2 2 2 2 2 2 2 2 2 2 2
left_child=1 2 3 4 11 15 7 -3 9 -7 16 23 24 14 21 -6 29 18 19 -18 -16 -5 -19 -1 25 -8 27 28 -26 -2
right_child=10 6 -4 13 5 8 12 -9 -10 -11 -12 -13 -14 -15 20 -17 17 22 -20 -21 -22 -23 -24 -25 26 -27 -28 -29 -30 -31
leaf_value=0.061547310467769289 -0.032799162869887155 0.035984840585754976 -0.040082103341884168 0.0069210643139613866 0.025861591233136173 0.062695973642103484 -0.0090889278473742941 0.085745404178462756 0.024396688427745727 0.14794889372534356 -0.047443794593912188 0.0735487570562703 0.04216558607621599 -0.016668153112454277 -0.028725883367178535 -0.022738001485421756 0.089751175000587102 0.078826777694342751 0.16394003153939968 -0.050365151008386733 0.018296935977173353 0.049664381178619099 -0.040828886666159081 0.006892314223829011 0.032372062237110331 0.066093192983813262 -0.02567297289715717 0.061302907014062102 -0.013492837474744277 0.0018074346605535209
leaf_weight=5.0261331573128691 174.68297511339188 38.043886716011912 27.94793406361714 120.30686722230166 32.705062409862876 10.842798074707394 5.1673128702677777 18.392384713981301 8.3180300705134851 7.1739646773785344 107.73447979521006 5.5981944128870955 35.364819723647088 63.50354171404615 31.203367277979851 10.226729488465933 2.1404249081388143 1.1592447073198844 1.8663368625566361 2.1287864712066948 9.2417894396930915 9.2475095447152835 10.545323292724786 309.88571298262104 10.218568874523045 9.4118881425820273 13.487418650649486 7.4243318610824636 19.090300072450191 12.458555644378064
leaf_count=43 34970 753 4175 8615 1639 360 175 205 201 170 23861 340 317 6898 1840 488 298 115 279 337 323 257 1842 22463 289 380 330 226 827 1920
internal_value=-0.00158127 0.0111344 0.00583555 0.00789451 0.0138908 0.0369209 0.0331698 0.0522016 0.073823 0.0966422 -0.0344293 0.00891365 0.0224466 -0.0021148 0.00332163 0.0142847 -0.0275891 0.00289696 0.0637036 0.019884 -0.0179811 0.00997206 -0.0289779 0.00776463 0.0116849 0.0394464 0.0036257 0.0143834 0.00249801 -0.0304953
internal_weight=1120.54 807.829 651.228 623.28 389.777 69.2666 156.601 56.4363 26.3348 18.0168 312.716 320.51 100.165 233.503 170 42.9318 204.982 17.8401 6.13555 4.26921 40.4452 129.554 11.7046 314.912 64.7998 14.5792 50.2206 36.7332 29.3089 187.142
internal_count=114936 51314 47812 43637 25704 2858 3502 958 731 530 63622 22846 2544 17933 11035 2127 39761 2871 914 635 2163 8872 1957 22506 2227 555 1672 1342 1116 36890
is_linear=0
shrinkage=0.05


Tree=21
num_leaves=31
num_cat=0
split_feature=15 8 31 18 15 33 8 25 33 18 36 8 7 18 33 7 36 20 18 24 18 33 36 25 33 33 25 7 33 33
split_gain=177.363 33.6444 22.8363 16.4256 14.7284 12.0324 9.89869 9.30847 12.3292 8.76963 25.9777 8.6319 8.63159 9.20121 8.34707 12.5445 7.0386 15.6632 9.72464 12.4485 7.17261 6.78241 6.25904 6.08726 6.04235 5.80114 10.9717 14.4296 10.727 9.04792
threshold=1.0000000180025095e-35 1.0000000180025095e-35 1.0000000180025095e-35 4321.5000000000009 2.5000000000000004 352.50000000000006 3.5000000000000004 4.8250000476837167 2110.5000000000005 18.500000000000004 84.500000000000014 9.5000000000000018 4.2699463367462167 18.500000000000004 1130.5000000000002 1.6682428121566775 223.50000000000003 5.5000000000000009 3841.5000000000005 1.0000000180025095e-35 2304.5000000000005 816.50000000000011 8.5000000000000018 18.325000762939457 408.50000000000006 1010.5000000000001 11.641666412353517 0.80341815948486339 424.50000000000006 480.50000000000006
decision_type=2 2 2 2 2 2 2 2 2 2 2 2 2 2 2 2 2 2 2 2 2 2 2 2 2 2 2 2 2 2
left_child=2 4 -1 12 7 9 -7 24 22 -3 -11 -8 13 -4 15 -5 18 20 -15 -20 -18 23 -9 -17 -2 28 27 -27 -24 -30
right_child=1 5 3 14 -6 6 11 8 -10 10 -12 -13 -14 16 -16 21 17 -19 19 -21 -22 -23 25 -25 -26 26 -28 -29 29 -31
leaf_value=-0.046468954844831961 0.0054384616902928788 0.0387205289577255 0.056033053310350557 -0.022878466470382771 0.015224649694159421 0.037660980817334697 -0.012384512606446831 0.084628907539023815 -0.03893181924816156 0.15110854276638758 0.029587897946214688 0.032263166736955201 0.062745324586179888 -0.027553705574427042 -0.039411065252050473 0.081706281255923927 0.065396323153693064 0.12603324852098355 -0.0012561885373234699 0.14672295438961336 -0.010831355108610755 0.14731023394037723 -0.0093832220869576426 -0.050333518013925119 -0.018749811970445323 0.010317954956885231 -0.013630908026936875 0.13669901275194041 0.10421980081777074 0.027121729154443948
leaf_weight=118.26848130766302 37.439847732894123 34.347591584548354 5.2472278624773017 67.579902007710189 296.96743690036237 57.942729488015175 25.865831688046455 2.9461862733587614 12.792391296476124 7.7165412083268192 10.22581605799496 18.617343623191118 4.4028545203618696 63.446422529406846 101.5192574984394 1.8926255088299506 3.4523364515043786 2.5461422400549045 7.1280428986065072 1.7751320721581576 29.07975299609825 1.5172861847095189 20.461487167514861 1.6200277712196109 83.181089738383889 9.83854799158871 41.753509923815727 2.9315164107829323 4.1839661756530395 42.059306129813194
leaf_count=26719 3302 265 43 13911 13728 1293 627 178 1041 161 310 333 341 8624 21341 271 412 198 1081 238 4144 207 1442 271 7570 794 3128 188 223 2423
internal_value=-0.00173906 0.0133876 -0.0279407 -0.0204158 0.00763567 0.0340046 0.0240418 -0.0011135 0.0078062 0.0535199 0.0818508 0.00630168 -0.00593377 -0.00861745 -0.0301529 -0.0172086 -0.0117753 0.00660511 -0.0206869 0.0282482 -0.002742 0.0589688 0.0126211 0.0208098 -0.011242 0.0108711 -0.00122679 0.0393302 0.0207598 0.0340974
internal_weight=1118.75 709.271 409.475 291.207 554.555 154.716 102.426 257.588 136.967 52.2899 17.9424 44.4832 117.078 112.675 174.129 72.6098 107.428 35.0782 72.3496 8.90317 32.5321 5.02994 124.175 3.51265 120.621 121.228 54.5236 12.7701 66.7048 46.2433
internal_count=114807 37006 77801 51082 34017 2989 2253 20289 9417 736 471 960 15081 14740 36001 14660 14697 4754 9943 1319 4556 749 8376 542 10872 8198 4110 982 4088 2646
is_linear=0
shrinkage=0.05


Tree=22
num_leaves=31
num_cat=0
split_feature=15 16 33 33 5 36 16 14 33 31 25 25 36 21 36 24 33 25 36 23 23 14 21 33 14 25 16 5 34 31
split_gain=156.305 23.0745 21.4932 15.5971 17.5927 16.4621 17.2679 11.6568 9.92899 8.95716 13.5163 14.0892 9.45978 8.29163 9.73752 8.68079 12.0664 16.6047 8.13111 7.86461 7.76268 8.2661 9.10466 10.6927 12.1401 16.0557 8.6469 10.4884 10.7759 9.25715
threshold=1.0000000180025095e-35 1.0000000180025095e-35 8.5000000000000018 982.50000000000011 0.0027941743610426788 90.500000000000014 60.500000000000007 9.5000000000000018 8.5000000000000018 2.5000000000000004 18.741666793823246 26.308333396911625 346.50000000000006 31.500000000000004 22.500000000000004 2.5000000000000004 1130.5000000000002 118.68333053588869 225.50000000000003 1.0000000180025095e-35 3.5000000000000004 1.5000000000000002 43.500000000000007 2110.5000000000005 1.0000000180025095e-35 52.241666793823249 7.5000000000000009 0.0029581404523923997 1.5000000000000002 2.5000000000000004
decision_type=2 2 2 2 2 2 2 2 2 2 2 2 2 2 2 2 2 2 2 2 2 2 2 2 2 2 2 2 2 2
left_child=1 2 -1 4 7 19 -7 8 -2 10 -10 -12 -11 -3 -15 16 17 -16 -18 -6 21 22 -5 24 25 -24 -23 28 29 -28
right_child=3 13 -4 20 5 6 -8 -9 9 12 11 -13 -14 14 15 -17 18 -19 -20 -21 -22 26 23 -25 -26 -27 27 -29 -30 -31
leaf_value=0.033601708088526992 0.087502853756509888 -0.016381410326706012 -0.039089325339428174 -0.0074003635348161116 0.040910867780227178 0.0082266431888518531 0.061619519835704586 0.042493030638068335 -0.012555052670129747 0.017118013648010483 0.11308911830375859 0.012329255082314656 -0.039146052454042429 0.13226943916791933 0.1572482558566618 -0.033383746589101225 -0.025918872496828612 -0.025356933277446394 0.080796310654258061 0.090565662873226913 -0.022737936091333157 -0.013615096323005192 0.14437513424681397 -0.028015826483128926 0.0035807346386020223 0.032004434780640752 0.028590059167316651 0.0073857422553280094 0.010650364262096383 0.10614901283232897
leaf_weight=10.641573568340389 4.1176234865561119 133.96027292963117 229.00950534362346 115.32061557844281 15.549940857104959 53.13706841878593 21.178429897874594 30.903348440304399 79.715047210454941 209.66048346180469 4.2528967941179898 18.831822189502418 7.7466925811022511 1.6415886594913924 3.3685907735489335 8.7747400240041298 8.1694093593396229 1.9747211458161471 2.2840582057833663 16.368403901346028 26.354576236568391 14.220268610864876 4.6102775558829316 8.7939173188060504 15.44790789950639 10.237744804471729 6.1329529145732566 25.10099364630878 9.629565221257506 10.323072242550552
leaf_count=444 101 21440 52891 9191 356 1616 180 385 5791 11447 233 891 544 196 371 1060 1170 171 261 149 1244 774 305 673 722 591 265 554 462 307
internal_value=-0.00105181 -0.0260416 -0.0358615 0.0130678 0.0184896 0.0363417 0.0234425 0.0131507 0.0103549 0.00936279 -0.00279853 0.0308922 0.0151132 -0.0113491 0.0143681 0.00649126 0.0286409 0.0897631 -0.00260185 0.0663749 0.00290451 0.00597886 -0.000331621 0.0205222 0.0346112 0.0668953 0.0208765 0.0304586 0.0526606 0.0772438
internal_weight=1107.46 399.824 239.651 707.634 461.462 106.234 74.3155 355.228 324.325 320.207 102.8 23.0847 217.407 160.173 26.2131 24.5715 15.7968 5.34331 10.4535 31.9183 246.172 219.817 154.41 39.0898 30.2959 14.848 65.4069 51.1866 26.0856 16.456
internal_count=114785 78004 53335 36781 21693 2301 1796 19392 19007 18906 6915 1124 11991 24669 3229 3033 1973 542 1431 505 15088 13844 11482 2291 1618 896 2362 1588 1034 572
is_linear=0
shrinkage=0.05


Tree=23
num_leaves=31
num_cat=0
split_feature=18 18 16 10 5 25 16 5 18 33 33 25 33 16 36 36 31 33 33 2 25 6 36 33 36 36 9 20 33 33
split_gain=147.968 29.7503 22.1833 18.4301 13.4528 10.3121 13.881 17.3584 11.2851 9.43709 9.06395 8.85962 8.40532 8.85624 8.33473 12.2491 7.81726 7.69441 21.7104 27.3832 11.2858 7.60741 7.50787 21.9182 8.13468 9.75037 7.4483 7.07437 6.90554 13.2805
threshold=4411.5000000000009 291.50000000000006 2.5000000000000004 1.5000000000000002 0.021600115112960342 4.2750000953674325 18.500000000000004 0.013775077182799579 967.50000000000011 1302.5000000000002 1918.5000000000002 311.41667175292974 954.50000000000011 55.500000000000007 336.50000000000006 331.50000000000006 1.0000000180025095e-35 1599.5000000000002 1918.5000000000002 17.500000000000004 153.94166564941409 0.030901538208127025 345.50000000000006 989.50000000000011 255.50000000000003 246.50000000000003 1.5000000000000002 5.5000000000000009 1003.5000000000001 856.50000000000011
decision_type=2 2 2 2 2 2 2 2 2 2 2 2 2 2 2 2 2 2 2 2 2 2 2 2 2 2 2 2 2 2
left_child=1 3 27 4 10 14 17 8 12 -10 11 -1 13 -8 15 28 -2 22 19 -19 -20 -5 24 -24 25 -7 -26 -3 29 -4
right_child=16 2 5 21 -6 6 7 -9 9 -11 -12 -13 -14 -15 -16 -17 -18 18 20 -21 -22 -23 23 -25 26 -27 -28 -29 -30 -31
leaf_value=0.020660767394700012 -0.045207513723912136 -0.020356016858660217 -0.0015126973662245599 -0.035640443276654971 0.051333666767701652 0.0049940901945162257 0.081278631925296746 0.13413617322971749 0.028789645808330929 0.11949872549006442 -0.036614812187460904 0.0737069342300916 -0.022829835994611185 -0.0039898632008675819 -0.037108552558557939 0.1132254474014872 -0.026847508931008277 0.042223212279862588 -0.019302476708774805 0.20969446284738269 0.086158611810224314 0.019166455024158386 0.17350978903964145 -0.021840267218210519 -0.036712753872156938 0.095171313908519073 0.027403592491760137 0.036786107737477473 -0.016438157766331656 0.04228275623919181
leaf_weight=265.45879611186683 90.150979597587138 104.83417119178921 89.163745167665184 18.876121739856902 41.484505496919155 109.13765119574964 5.9975478667765874 4.528972669504582 6.2705863942392153 5.2831035130657256 6.7034823605790725 8.1118376627564412 10.646732739172874 6.1860735090449452 14.847681987565009 2.4405574575066558 162.44362880615517 16.119076224043969 19.147783808410171 2.8764339215122154 2.9242220502346745 9.5271129896864277 2.450351574458181 3.4682169118896127 21.295774174854163 3.082212997134774 5.7533257384784511 5.7115523372776797 43.947561143431813 21.479949334636331
leaf_count=8758 22861 15257 6948 572 355 7552 215 125 434 355 435 127 615 191 1470 217 35681 1177 1686 164 255 136 181 300 1608 228 435 434 4430 1656
internal_value=0.000235013 0.01014 0.0024059 0.0213514 0.0247595 0.00792127 0.0149614 0.0421216 0.0300017 0.0702678 0.0208262 0.0222337 0.00962437 0.0379847 -0.00130153 0.0020841 -0.0334002 0.00928699 0.0283952 0.0675829 -0.00533041 -0.0172569 0.00388208 0.0590368 0.00153815 0.00747088 -0.0230752 -0.0174037 0.000329493 0.00698959
internal_weight=1110.35 857.755 507.593 350.162 321.759 397.048 225.168 38.913 34.384 11.5537 280.274 273.571 22.8304 12.1836 171.879 157.032 252.595 186.255 41.0675 18.9955 22.072 28.4032 145.188 5.91857 139.269 112.22 27.0491 110.546 154.591 110.644
internal_count=114858 56316 45933 10383 9675 30242 15521 1935 1810 789 9320 8885 1021 406 14721 13251 58542 13586 3282 1341 1941 708 10304 481 9823 7780 2043 15691 13034 8604
is_linear=0
shrinkage=0.05


Tree=24
num_leaves=31
num_cat=0
split_feature=31 17 33 7 23 11 31 4 33 7 6 36 36 6 2 7 8 36 36 36 36 14 14 24 33 1 2 36 33 36
split_gain=89.2647 38.3546 21.9974 20.4835 15.1641 12.3352 11.8612 13.2522 10.0637 16.0264 20.0027 10.8607 10.8141 9.9028 9.43093 18.2235 12.3194 9.08677 8.95496 8.72978 14.2233 8.18251 7.97487 7.86191 9.0004 10.2899 9.28695 7.84249 7.03843 7.41898
threshold=1.0000000180025095e-35 1.5000000000000002 989.50000000000011 3.9231564998626713 1.0000000180025095e-35 13.500000000000002 2.5000000000000004 1.0000000180025095e-35 312.50000000000006 0.099184539169073119 0.00040040785097517079 285.50000000000006 316.50000000000006 0.0026358576724305753 1.5000000000000002 0.20736519992351535 1.0000000180025095e-35 82.500000000000014 16.500000000000004 301.50000000000006 315.50000000000006 1.5000000000000002 6.5000000000000009 6.5000000000000009 1654.5000000000002 4.5000000000000009 16.500000000000004 90.500000000000014 808.50000000000011 156.50000000000003
decision_type=2 2 2 2 2 2 2 2 2 2 2 2 2 2 2 2 2 2 2 2 2 2 2 2 2 2 2 2 2 2
left_child=-1 2 3 6 -5 23 14 8 9 10 11 22 17 21 28 16 -16 -10 -17 -13 -21 -4 -8 24 25 26 -3 -19 -2 -30
right_child=1 5 13 4 -6 -7 7 -9 12 -11 -12 19 -14 -15 15 18 -18 27 -20 20 -22 -23 -24 -25 -26 -27 -28 -29 29 -31
leaf_value=-0.042991005037851415 -0.022215371422326147 0.022883159644598253 -0.019602611922114346 0.02642123238258234 0.11799104903955399 -0.019952009325665803 0.013170937531928717 0.10756743108851766 -0.015850913257318158 -0.016255696023349964 0.1618317905716995 0.14809664348875323 -0.034465531330285293 0.0026124059916199098 0.13167789280552139 0.083442148364187799 8.5213037265670231e-05 0.091235831091482311 -0.0060747246761094966 -0.050697168588340474 0.097707164989288983 0.013772993886451205 0.0984601393299811 0.069402426584296059 -0.018719920388639216 0.049112474283326546 -0.028272341960134079 0.011355787487009765 0.064778009279440427 -0.0059381648537872667
leaf_weight=115.55810968228616 87.344138423446566 140.72722087986767 221.99189854459837 16.129682312719527 6.2820337754674247 16.57126828469336 39.392341583501548 3.4511420577764502 34.379175645532086 18.490298987133428 3.05621966253966 3.010281687602399 18.258037025574595 89.646105692256242 4.6486788284964851 2.9463085038587442 2.8806681660935283 3.1683401381596914 53.969661494717002 2.4626590493135154 4.6880583288148046 20.02019253000617 2.9457440916448823 9.459980213083325 12.277003040537236 36.945600082166493 9.4691219246014935 101.77044030325487 4.7619931222870973 16.771609134040773
leaf_count=27950 11317 3426 33107 654 159 332 3233 156 3411 1599 239 226 1625 8313 383 201 196 286 4745 217 379 1126 54 185 439 338 103 7889 522 1820
internal_value=-0.0014106 0.00345312 -0.00190403 0.00554757 0.0520884 0.0215708 0.00299353 0.0103103 0.00886121 0.0240651 0.0374849 0.0302461 0.00171686 -0.0115833 -0.00693003 0.00822976 0.0813316 0.00645867 -0.0014408 0.0766676 0.0465977 -0.0168417 0.0191051 0.024865 0.0227523 0.025473 0.0196581 0.0137675 -0.0159032 0.00970018
internal_weight=1103.47 987.916 762.466 430.808 22.4117 225.45 408.396 235.073 231.622 74.0456 55.5553 52.4991 157.576 331.658 173.323 64.4453 7.52935 139.318 56.916 10.161 7.15072 242.012 42.3381 208.879 199.419 187.142 150.196 104.939 108.878 21.5336
internal_count=114630 86680 81857 39311 813 4823 38498 19314 19158 5947 4348 4109 13211 42546 19184 5525 579 11586 4946 822 596 34233 3287 4491 4306 3867 3529 8175 13659 2342
is_linear=0
shrinkage=0.05


Tree=25
num_leaves=31
num_cat=0
split_feature=18 16 31 33 31 36 5 18 17 16 19 6 36 9 23 36 8 17 13 36 5 31 36 36 9 9 36 23 36 18
split_gain=128.343 23.9876 15.4955 15.5724 13.3251 16.2937 10.3548 9.90272 8.58987 7.67243 13.7902 9.10181 23.3872 9.18414 8.41033 8.80697 12.0201 11.4351 16.2839 10.3881 15.6768 17.602 9.13931 8.84144 7.40902 9.59387 7.34618 7.25242 7.20708 10.1228
threshold=3553.5000000000005 22.500000000000004 1.0000000180025095e-35 8.5000000000000018 1.0000000180025095e-35 2.5000000000000004 0.010446566622704269 6.5000000000000009 26.500000000000004 2.5000000000000004 5.5000000000000009 0.0031361606670543556 221.50000000000003 1.5000000000000002 6.5000000000000009 185.50000000000003 8.5000000000000018 7.5000000000000009 1.5000000000000002 169.50000000000003 0.0041734182741492995 2.5000000000000004 180.50000000000003 191.50000000000003 5.5000000000000009 30.500000000000004 229.50000000000003 1.0000000180025095e-35 285.50000000000006 272.50000000000006
decision_type=2 2 2 2 2 2 2 2 2 2 2 2 2 2 2 2 2 2 2 2 2 2 2 2 2 2 2 2 2 2
left_child=1 2 -1 -4 -2 -6 7 -3 26 10 11 -5 13 -13 15 17 23 18 19 24 21 -21 -23 -17 -11 -26 -9 -25 -28 -30
right_child=4 6 3 9 5 -7 -8 8 -10 14 -12 12 -14 -15 -16 16 -18 -19 -20 20 -22 22 -24 27 25 -27 28 -29 29 -31
leaf_value=-0.034509996880382664 -0.046726863526332992 0.061904607745543128 0.05703248287066788 -0.017465862995648004 0.16280905467361162 -0.024137173136107012 0.044387301251408766 0.02491523488049769 -0.036018744986935025 0.013869973835769262 0.12219847084462965 -0.034593044261573919 0.16064847099373727 0.042186179219986256 -0.016552286780984832 -0.053231654569204527 0.078527948673187409 -0.033669489692706708 0.062194328947075661 0.0014176006675685883 -0.040863735820786701 0.13432886420056248 0.039996069388005095 0.0053251114662592504 -0.029160671394852906 0.059208000069718505 -0.030081119314247253 -0.023780948337945307 -0.022686774819688258 0.052546627643741975
leaf_weight=24.436268702149391 86.780388138489798 11.615872487425802 14.642622913699595 81.383267691358924 1.1730522501748044 181.88614444062114 50.007629490457475 83.619387456681579 8.1417215242981893 177.51027107331902 2.0038773231208316 8.9902696316130477 2.5926910932175806 6.8720123823732129 34.258802661206573 7.5403066547587505 4.9798324140720061 11.330304346978663 18.973507969640195 6.6700633098371371 4.2073272457346311 7.8063238244503736 3.8260368448682129 181.53466067323461 20.28574335901067 3.6194122224114826 14.046832406427709 24.26252254890278 8.3255936056375521 9.6577078034169954
leaf_count=4153 23862 72 386 9579 231 39515 522 2519 87 11696 93 878 151 390 1502 448 94 187 328 448 173 419 191 12474 1205 193 717 1393 257 625
internal_value=-0.00061987 0.0090867 0.00454749 0.00607875 -0.0305893 -0.0229392 0.024944 0.0177633 0.0136213 0.00485292 -0.00767014 -0.0102768 0.0214259 -0.00133 0.00736942 0.00910371 0.00173774 0.0154292 0.0177194 0.013951 0.0461653 0.0661714 0.103302 -5.47325e-05 0.0103508 -0.015781 0.0171159 0.00189364 -0.00324524 0.0177164
internal_weight=1102.98 833.141 647.726 623.29 269.84 183.059 185.415 135.407 123.791 608.647 101.842 99.8382 18.455 15.8623 506.805 472.546 218.317 254.229 242.899 223.925 22.5098 18.3024 11.6324 213.337 201.415 23.9052 115.65 205.797 32.0301 17.9833
internal_count=114788 51180 46381 42228 63608 39746 4799 4277 4205 41842 11091 10998 1419 1268 30751 29249 14409 14840 14653 14325 1231 1058 610 14315 13094 1398 4118 13867 1599 882
is_linear=0
shrinkage=0.05


end of trees

feature_importances:
evt_hours_since_last=95
unit_age_days=95
cal_day_of_year=69
evt_hours_8760h=67
obj_pump_on_minutes_24h=54
pump_on_growth_24_720=52
evt_hours_2160h=38
pump_on_share_24h=34
obj_pump_changes_24h=32
obj_events_168h=28
unit_pumps=28
pump_on_share_168h=25
evt_hours_720h=22
pump_unavailable_168h=20
pump_unavailable_24h=19
pump_changes_24h=17
pump_all_running_168h=14
evt_moments_168h=13
obj_pump_unavailable_24h=13
obj_pump_all_running_24h=11
cal_season=6
evt_hours_168h=5
pump_changes_6h=4
pump_blink_hours_168h=4
obj_events_24h=3
unit_flood_sensors=3
cal_month=3
pump_changes_1h=2
pump_all_running_24h=2
pump_blink_hours_24h=1
cx_pump_all_running_168h=1

parameters:
[boosting: gbdt]
[objective: binary]
[metric: average_precision]
[tree_learner: serial]
[device_type: cpu]
[data_sample_strategy: bagging]
[data: ]
[valid: ]
[num_iterations: 26]
[learning_rate: 0.05]
[num_leaves: 31]
[num_threads: 8]
[seed: 4217]
[deterministic: 1]
[force_col_wise: 0]
[force_row_wise: 0]
[histogram_pool_size: -1]
[max_depth: -1]
[min_data_in_leaf: 200]
[min_sum_hessian_in_leaf: 0.001]
[bagging_fraction: 0.8]
[pos_bagging_fraction: 1]
[neg_bagging_fraction: 1]
[bagging_freq: 1]
[bagging_seed: 15605]
[bagging_by_query: 0]
[feature_fraction: 0.8]
[feature_fraction_bynode: 1]
[feature_fraction_seed: 27703]
[extra_trees: 0]
[extra_seed: 22977]
[early_stopping_round: 0]
[early_stopping_min_delta: 0]
[first_metric_only: 0]
[max_delta_step: 0]
[lambda_l1: 0]
[lambda_l2: 0]
[linear_lambda: 0]
[min_gain_to_split: 0]
[drop_rate: 0.1]
[max_drop: 50]
[skip_drop: 0.5]
[xgboost_dart_mode: 0]
[uniform_drop: 0]
[drop_seed: 20817]
[top_rate: 0.2]
[other_rate: 0.1]
[min_data_per_group: 100]
[max_cat_threshold: 32]
[cat_l2: 10]
[cat_smooth: 10]
[max_cat_to_onehot: 4]
[top_k: 20]
[monotone_constraints: ]
[monotone_constraints_method: basic]
[monotone_penalty: 0]
[feature_contri: ]
[forcedsplits_filename: ]
[refit_decay_rate: 0.9]
[cegb_tradeoff: 1]
[cegb_penalty_split: 0]
[cegb_penalty_feature_lazy: ]
[cegb_penalty_feature_coupled: ]
[path_smooth: 0]
[interaction_constraints: ]
[verbosity: -1]
[saved_feature_importance_type: 0]
[use_quantized_grad: 0]
[num_grad_quant_bins: 4]
[quant_train_renew_leaf: 0]
[stochastic_rounding: 1]
[linear_tree: 0]
[max_bin: 255]
[max_bin_by_feature: ]
[min_data_in_bin: 3]
[bin_construct_sample_cnt: 200000]
[data_random_seed: 13809]
[is_enable_sparse: 1]
[enable_bundle: 1]
[use_missing: 1]
[zero_as_missing: 0]
[feature_pre_filter: 1]
[pre_partition: 0]
[two_round: 0]
[header: 0]
[label_column: ]
[weight_column: ]
[group_column: ]
[ignore_column: ]
[categorical_feature: ]
[forcedbins_filename: ]
[precise_float_parser: 0]
[parser_config_file: ]
[objective_seed: 22279]
[num_class: 1]
[is_unbalance: 0]
[scale_pos_weight: 1]
[sigmoid: 1]
[boost_from_average: 1]
[reg_sqrt: 0]
[alpha: 0.9]
[fair_c: 1]
[poisson_max_delta_step: 0.7]
[tweedie_variance_power: 1.5]
[lambdarank_truncation_level: 30]
[lambdarank_norm: 1]
[label_gain: ]
[lambdarank_position_bias_regularization: 0]
[eval_at: ]
[multi_error_top_k: 1]
[auc_mu_weights: ]
[num_machines: 1]
[local_listen_port: 12400]
[time_out: 120]
[machine_list_filename: ]
[machines: ]
[gpu_platform_id: -1]
[gpu_device_id: -1]
[gpu_device_id_list: ]
[gpu_use_dp: 0]
[num_gpu: 1]

end of parameters

pandas_categorical:null
