tree
version=v4
num_class=1
num_tree_per_iteration=1
label_index=0
max_feature_idx=13
objective=binary sigmoid:1
feature_names=n_alarms_1h n_alarms_24h n_alarms_168h n_alarms_720h alarm_hour_share_720h hours_since_last_alarm night_share hour_of_day day_of_week month is_weekend neighbor_channels_1h is_disarmed has_access_sequence
feature_infos=none [0:4465] [0:15811] [0:24426] [0:0.32361111044883728] [0:56824] [0:1] [0:23] [0:6] [1:12] [0:1] none [0:1] none
tree_sizes=6677 6708 6820 6819 6831 6812 6821 6873 6846 6894 6902 6911

Tree=0
num_leaves=63
num_cat=0
split_feature=2 1 5 2 4 3 5 3 8 5 5 9 9 8 3 2 2 8 2 4 4 1 3 9 12 5 9 5 5 8 8 5 8 9 9 5 4 9 9 1 9 3 1 4 1 2 9 8 3 9 9 4 12 5 9 5 5 3 4 9 7 4
split_gain=341125 106288 88128.1 68508.7 55922 38944.6 32271.6 35103.7 32157 25163.9 28120 51272.2 114899 23745.4 20059.6 17528.3 20852.5 16936.9 13612.9 11168.7 8404.32 7295.7 6587.54 13418.4 6512.11 44468.1 6257.4 13808.8 31156.4 17767.1 17890.1 7991.49 6240.13 6224.68 7631.91 6879.09 6079.54 6047.43 6617.77 6410.12 5579.92 5350.37 5106.3 5058.07 4954.06 4685.69 4636.04 4569.08 4442.68 4356.71 4318.97 4287.37 4155.71 4070.85 3938.83 3824.71 3576.44 3476.42 3471.36 3351.67 3313.63 3282.93
threshold=2.5000000000000004 1.0000000180025095e-35 1760.5000000000002 18.500000000000004 0.045138889923691757 99.500000000000014 207.50000000000003 1.0000000180025095e-35 1.0000000180025095e-35 10.500000000000002 179.50000000000003 4.5000000000000009 5.5000000000000009 1.0000000180025095e-35 62.500000000000007 195.00000000000003 339.50000000000006 1.5000000000000002 8.5000000000000018 0.024305555969476703 0.043750001117587096 4.5000000000000009 186.50000000000003 2.5000000000000004 1.0000000180025095e-35 2.5000000000000004 4.5000000000000009 85.500000000000014 61.500000000000007 4.5000000000000009 2.5000000000000004 81.500000000000014 4.5000000000000009 1.5000000000000002 9.5000000000000018 12.500000000000002 0.007638889132067562 10.500000000000002 4.5000000000000009 2.5000000000000004 6.5000000000000009 9.5000000000000018 1.0000000180025095e-35 0.0062500000931322583 1.5000000000000002 1101.0000000000002 5.5000000000000009 4.5000000000000009 75.500000000000014 8.5000000000000018 10.500000000000002 0.018750000745058063 1.0000000180025095e-35 4.5000000000000009 10.500000000000002 10.500000000000002 6.5000000000000009 65.500000000000014 0.034027779474854476 3.5000000000000004 16.500000000000004 0.14791666716337207
decision_type=2 2 2 2 2 2 2 2 2 2 2 2 2 2 2 2 2 2 2 2 2 2 2 2 2 2 2 2 2 2 2 2 2 2 2 2 2 2 2 2 2 2 2 2 2 2 2 2 2 2 2 2 2 2 2 2 2 2 2 2 2 2
left_child=2 14 6 8 5 13 7 9 50 17 26 -12 -13 58 32 37 -17 -1 40 21 43 -7 23 -21 25 -20 -11 28 -28 30 -30 -32 41 -15 35 52 42 38 -6 48 46 -2 -9 -16 54 -18 -10 -8 -40 -45 51 55 -35 60 -27 -3 -23 -38 -5 -53 -46 -41
right_child=1 3 -4 4 15 19 47 36 18 10 11 12 -14 33 20 16 45 -19 24 22 -22 56 -24 -25 -26 44 27 -29 29 -31 31 -33 -34 34 -36 -37 57 -39 39 61 -42 -43 -44 49 53 -47 -48 -49 -50 -51 -52 59 -54 -55 -56 -57 -58 -59 -60 -61 -62 -63
leaf_value=-2.1781563808709192 -5.2644078121755111 -3.4854180906583427 -5.4313927877053736 -1.027198448091978 -5.0183923956721053 -4.6835365907723094 -5.3695475235214323 -5.340799993121423 -5.0559554660697321 -5.2692890732809463 -4.946949239999614 1.803455261245829 -5.4363505112764869 -4.9847427649708749 -5.2964977402165836 -4.5123594622679164 -3.5186498957279166 -4.408606761207853 -2.2772708724146851 -4.5047371572858603 -5.1010592427335544 -1.3792809578132417 -2.9588039203269871 0.86337787070399852 -5.0440703929738122 -4.2548255477397623 -5.1008410406638669 -5.3858162291740452 -4.3411624349980453 -5.4330104658099527 -0.42946745581717582 -4.1233826118197152 -5.3132044661850717 -3.4134924175447265 -4.7383967680196877 -4.381372746010233 -5.2635291324952931 -5.2976386415912105 -4.9263397842104295 -4.51213142035561 -5.1818405218895451 -5.1483896842452754 -5.2429545639547648 -4.4807506054456887 -3.4373339328589276 1.4441470221941035 -4.7580387291548121 -5.4034136053722328 -3.4101248745829356 -5.0398500583781054 -4.9201431488138478 -4.4499205405801092 -4.2002650951541689 -4.9412576241819393 -5.3715312170607659 -4.517544192258387 -3.5053123069437113 -5.0095571109887267 -3.8525217660026905 -2.6265805444546033 -4.7471849841328151 -5.0293376546831121
leaf_weight=10.771638885606079 1759.3530741566792 16.290576009545475 115132.87493444141 6.353234510868786 133.16797016048804 6.9292918634600964 34904.191133462358 11180.626329809427 598.79572455538437 385.33935983106494 57.382298812735826 9.1605725591070968 11.869649946689604 23.368759842123836 30.304713654797524 8.8074016026221198 1.8623116849921637 36.852330530062318 17.337195244152099 1.8329045381396989 259.76581590995193 4.5406010146252802 6.7576546967029572 6.0911869420669973 191.08354774815962 56.616522212978452 59.841129021719098 77.075923344120383 7.9621594082564178 5.934824973344802 8.7490151003003103 2.7211154396645716 1686.1477166721597 61.982379574328661 40.034348890651017 61.188529206439853 3107.2340870904736 61.056911267340183 7.4649021970108178 95.269923510961235 751.6724993805401 2295.2783958935179 1513.4555009347387 163.30409119278193 7.4627607678994563 1.6364282770082352 168.88821936538443 13935.043930011336 18.112203013617545 46.452726917807013 10.344188307877628 4.8568472922779646 31.742429176811129 293.59215732151642 9.1892667203210276 25.985998384188861 9.336349986959247 140.16730631934479 3.0940345819108188 12.274545456282793 15.160350919235496 48.159056893084198
leaf_count=799 13775 733 524386 663 1692 147 201294 70781 7141 2982 815 1482 52 319 220 216 115 926 1212 59 2871 460 406 902 2328 1586 666 420 227 26 995 107 11588 2773 739 1558 24380 440 117 2168 7105 23193 12487 3805 364 362 3011 71112 839 575 160 134 934 4167 53 601 432 1805 140 785 285 606
internal_value=-5.39004 -5.09065 -5.40506 -4.83584 -4.38068 -3.82267 -5.35873 -5.29854 -4.96964 -4.94526 -5.03103 -4.15141 -2.09938 -4.07356 -5.20579 -4.77498 -2.98648 -3.84844 -5.00502 -2.29264 -4.90224 -3.2207 -1.19964 -0.139968 -4.80122 -4.68618 -5.159 -4.89948 -4.46471 -3.03194 -2.33242 -1.13394 -5.2323 -4.19183 -4.09933 -3.93942 -5.3135 -4.84201 -4.75055 -4.54293 -5.08455 -5.19869 -5.32912 -4.6892 -4.80334 -0.194289 -4.98968 -5.37921 -3.81855 -4.60232 -3.92016 -3.7567 -3.66458 -4.88842 -4.40815 -4.08501 -2.58683 -5.25245 -1.71677 -3.06315 -4.25073 -4.68209
internal_weight=189646 9058.95 180587 2818.34 638.789 263.252 65454.4 16615.1 2179.55 673.66 626.036 78.4125 21.0302 227.764 6240.61 375.537 12.3061 47.624 2109.8 35.488 499.827 20.8062 14.6817 7.92409 590.442 399.358 547.624 162.284 85.2082 25.3671 19.4323 11.4701 5740.78 218.316 194.948 154.913 15941.5 363.231 302.174 169.006 1519.36 4054.63 12694.1 240.062 382.021 3.49874 767.684 48839.2 25.5771 209.757 69.7522 59.408 93.7248 316.215 65.8058 42.2766 13.877 3247.4 9.44727 17.1314 22.6231 143.429
internal_count=1017521 101779 915742 45752 16087 9532 391356 118950 29665 9497 7772 2349 1534 7126 56027 6555 693 1725 27252 2406 7471 1039 1367 961 9995 7667 5423 2441 2021 1355 1329 1102 48556 6323 6004 5265 109453 5862 5422 3730 17257 36968 83268 4600 6455 477 10152 272406 956 4380 2413 2253 3707 4816 1639 1334 892 26185 803 919 649 2774
is_linear=0
shrinkage=1


Tree=1
num_leaves=63
num_cat=0
split_feature=5 5 3 6 6 4 6 5 5 8 6 6 4 8 1 4 3 9 4 12 5 7 12 5 7 4 12 9 9 8 5 3 5 2 4 7 2 3 2 5 5 2 2 4 8 6 3 6 9 3 9 8 6 6 6 6 2 5 5 3 9 4
split_gain=212293 38122.1 31604.5 23678.6 18567.3 13966.1 19339.4 11635.9 9268.95 4724.47 4545.6 4534.7 4831.17 4451.72 4284.21 4088.5 3707.15 4483.17 3488.25 3463.77 4058.61 3160.02 3154.27 7030.95 4952.42 3029.19 3581.17 2951.42 3897.74 5245.3 3742.87 3164.7 2893.64 2676.52 2593.37 2578.92 2509.32 2800.43 2315.42 2683.15 5565.74 6175.53 3777.01 2416.8 2293.3 2292.85 6300.53 5956.91 2660.63 2424.05 3478.68 2254.91 2182.57 2247.13 2160.43 2463.05 4549.83 3760.25 2940.74 2541.66 5657.43 3682.21
threshold=192.50000000000003 2160.5000000000005 10.500000000000002 0.15322524309158328 1.0000000180025095e-35 0.043750001117587096 0.46066053211689001 14.500000000000002 53.500000000000007 4.5000000000000009 0.20781767368316653 0.099961269646883025 0.057638889178633697 4.5000000000000009 8.5000000000000018 0.007638889132067562 145.50000000000003 8.5000000000000018 0.024305555969476703 1.0000000180025095e-35 1.5000000000000002 13.500000000000002 1.0000000180025095e-35 2.5000000000000004 7.5000000000000009 0.003472222364507616 1.0000000180025095e-35 4.5000000000000009 6.5000000000000009 4.5000000000000009 12.500000000000002 68.500000000000014 73.500000000000014 8.5000000000000018 0.010416666977107527 16.500000000000004 58.500000000000007 488.50000000000006 1.5000000000000002 95.500000000000014 115.50000000000001 12.500000000000002 27.500000000000004 0.0090277781710028666 1.0000000180025095e-35 0.28590892255306249 48.500000000000007 0.2609903365373612 8.5000000000000018 27.500000000000004 5.5000000000000009 4.5000000000000009 0.37905026972293859 0.52440747618675243 0.013671319931745531 0.038121672347188003 5.5000000000000009 100.50000000000001 61.500000000000007 16.500000000000004 10.500000000000002 0.013194444589316847
decision_type=2 2 2 2 2 2 2 2 2 2 2 2 2 2 2 2 2 2 2 2 2 2 2 2 2 2 2 2 2 2 2 2 2 2 2 2 2 2 2 2 2 2 2 2 2 2 2 2 2 2 2 2 2 2 2 2 2 2 2 2 2 2
left_child=2 9 7 4 18 15 8 10 14 -2 22 19 -13 25 16 -5 17 -7 27 20 -6 -12 23 24 -1 -9 34 -4 29 30 -29 -30 36 -26 -27 -25 44 -38 -32 -40 41 -41 -43 -42 -17 46 47 48 49 -46 -51 54 -47 -54 -22 56 57 58 -56 60 -60 -62
right_child=1 -3 3 5 11 6 -8 13 -10 -11 21 12 -14 -15 -16 32 -18 -19 -20 -21 51 -23 -24 35 33 26 -28 28 31 -31 38 -33 -34 -35 -36 -37 37 -39 39 40 43 42 -44 -45 45 52 -48 -49 -50 50 -52 -53 53 -55 55 -57 -58 -59 59 -61 61 -63
leaf_value=0.26910458543812688 0.018449247753096257 -0.042193578084634142 0.25642749306201612 0.13406447987526474 0.463541513774611 2.4136936265954128 0.064624700018890854 0.058789282707796868 0.4442828230282736 -0.014403822363428584 0.81285077982884912 0.21427641755297216 0.77661441784344465 0.022186374322788683 0.89136710478806269 0.2776117670684074 1.0459115118950295 0.58042553984880207 0.19224437193409652 0.053814340776871666 0.088787028570187734 0.27326953111827795 0.067624652808712549 0.23758110053131387 0.95804928263308242 0.12142856617182035 0.030584073277845281 0.36583320343852938 0.23249797830928931 0.17327463630598175 0.37308470392886006 0.78393373176211678 0.22847664759027728 0.19397411328565617 0.28783150263792984 0.10280358624910453 0.12050352117310743 0.66326693374890411 0.66528484127968013 0.8627116816481355 1.1117426230003875 4.0834436950804252 1.3564027208392713 0.26646063781816015 0.40218112705415737 0.28672124229238272 1.2261411579580148 1.4056009407087353 0.13369267615538466 0.34613641803189676 1.3967955442542559 0.077441558303545655 0.94027614236800938 0.31074342445353847 0.31099736176449794 0.12039162372796648 0.13733668965513171 0.1647603046862206 0.60411067214336645 0.37951548201869451 0.67082448541099593 2.7569508162553618
leaf_weight=100.96815608302131 39096.17017634958 106911.26512325369 714.36650012107566 226.70043156761676 89.741445179563016 27.600244644097984 49.631358759477735 7361.8111256062984 24.375355029478669 15195.741321581881 44.754212031140924 620.54589552618563 39.917965922970325 4759.9119949801825 18.360318139195442 117.1204180191271 13.22234597802162 4.6275911857374004 668.35735040344298 1886.3248758753762 1209.7209598454647 70.783675766550004 590.84593629511073 669.31836120178923 59.289543409831822 3578.2805433510803 1116.6757985255681 113.78760742302984 331.80021853512153 94.009909618645906 39.747745113447309 27.521068903617561 259.75407835375518 14.879191517829893 250.2568422537297 760.24377960246056 112.20679367287084 29.383953595533967 112.88324714824557 9.2957225502468663 18.060890739783645 3.1004790700972071 4.0827756063081324 16.676785388961434 78.496935888193548 133.57442649593577 37.911385281011462 16.269093071576208 54.956812578253448 15.508448986336587 17.064405272714794 1696.3536269515753 31.336116112302989 27.817954557016492 289.87015304947272 1462.3823308623396 934.68943574558944 284.30552700348198 51.798062633723021 67.403644234873354 4.6167754363268596 4.8955886978656054
leaf_count=744 221198 504791 6256 1448 987 1435 318 44161 326 78101 922 4964 766 26108 388 923 331 81 4701 9685 6945 685 3444 5464 1382 26251 6198 1081 2918 722 492 526 2279 80 2601 4970 525 445 1932 214 491 342 151 160 931 1188 1051 539 381 166 555 9763 705 259 3065 9090 5766 2255 866 814 95 341
internal_value=-0.00167693 -0.0248665 0.117107 0.180536 0.156267 0.382441 0.857076 0.0775187 1.29735 0.00925392 0.18279 0.123509 0.249386 0.0632538 1.61133 0.325268 1.87672 2.17585 0.287604 0.113064 0.131386 0.487461 0.166542 0.202899 0.501205 0.0791341 0.109403 0.330356 0.398435 0.503689 0.60063 0.276792 0.371612 0.809386 0.132378 0.166028 0.426547 0.237003 0.729268 0.812759 1.11883 1.86056 2.88863 0.724753 0.476637 0.532279 0.643668 0.516505 0.421488 0.561424 0.92177 0.126347 0.402343 0.654318 0.145574 0.167699 0.209846 0.305935 0.401201 0.600381 0.833209 1.90459
internal_weight=192673 161203 31470.2 12092.2 10796.3 1295.92 137.817 19378 88.1859 54291.9 2311.08 8642.57 660.464 17066.9 63.8105 1158.1 45.4502 32.2278 2153.69 7982.1 6095.78 115.538 2195.54 1604.7 175.137 12307 4945.21 1485.33 770.966 411.645 317.635 359.321 931.401 74.1687 3828.54 1429.56 671.647 141.591 203.848 164.1 51.2167 16.479 7.18325 34.7377 530.056 412.936 220.207 182.296 166.027 111.07 32.5729 6006.04 192.728 59.1541 4309.68 3099.96 1637.58 702.89 418.584 128.714 61.3104 9.51236
internal_count=1016762 804090 212672 89662 75388 14274 2879 123010 2561 299299 17691 55402 5730 105319 2235 11395 1847 1516 19986 49672 39987 1607 16084 12640 2206 79211 35050 15285 9029 5585 4863 3444 9947 1462 28852 10434 7668 970 3782 3290 1358 707 493 651 6698 5775 3623 2572 2033 1652 721 39000 2152 964 29237 22292 13202 7436 5181 2116 1302 436
is_linear=0
shrinkage=0.05


Tree=2
num_leaves=63
num_cat=0
split_feature=5 5 2 6 6 8 5 8 10 2 4 12 4 5 6 8 12 5 12 4 6 5 12 9 5 9 6 9 8 2 8 6 1 6 4 9 6 9 4 2 10 5 6 1 4 6 9 6 4 5 9 5 8 5 5 8 5 8 8 5 4 5
split_gain=170234 36483.4 20937 10519.8 10999.7 4099.76 3420.04 3281.92 2752.28 2275.34 2256.06 2242.93 3097.63 2807.29 2152.38 2026.28 2411.16 2204.66 2001.57 1974.63 1914.5 1853.38 1825.19 1715.25 1910.43 1567.1 1731.71 1681.92 1853.3 2539.94 1558.17 1571.89 1347.16 1697.12 2101.74 2232.44 2471.43 1907.27 1321.73 1308 1307.33 1269.4 1391.4 2092.86 1747.48 1308.84 1225 3738.96 3535.33 7164.77 11897.4 38832.6 23963.2 10668.5 5829.65 3569.6 3494.16 1762.75 1374.54 1355.48 1172.82 2008.26
threshold=192.50000000000003 2160.5000000000005 2.5000000000000004 0.086476325988769545 1.0000000180025095e-35 4.5000000000000009 69.500000000000014 4.5000000000000009 1.0000000180025095e-35 20.500000000000004 0.007638889132067562 1.0000000180025095e-35 0.0062500000931322583 27.500000000000004 0.066272530704736723 3.5000000000000004 1.0000000180025095e-35 61.500000000000007 1.0000000180025095e-35 0.0048611112870275983 0.0042061035055667171 100.50000000000001 1.0000000180025095e-35 10.500000000000002 1.5000000000000002 2.5000000000000004 1.0000000180025095e-35 1.5000000000000002 2.5000000000000004 1.0000000180025095e-35 1.0000000180025095e-35 0.0028720902046188716 50.000000000000007 0.16463142633438113 0.049305556342005737 10.500000000000002 0.11046334356069566 7.5000000000000009 0.003472222364507616 4.5000000000000009 1.0000000180025095e-35 14.500000000000002 0.013344462960958483 3.5000000000000004 0.021527778357267383 0.030825217254459861 2.5000000000000004 1.0000000180025095e-35 1.0000000180025095e-35 809.50000000000011 1.5000000000000002 649.50000000000011 1.5000000000000002 254.50000000000003 360.50000000000006 2.5000000000000004 729.50000000000011 3.5000000000000004 1.0000000180025095e-35 304.50000000000006 1.0000000180025095e-35 126.50000000000001
decision_type=2 2 2 2 2 2 2 2 2 2 2 2 2 2 2 2 2 2 2 2 2 2 2 2 2 2 2 2 2 2 2 2 2 2 2 2 2 2 2 2 2 2 2 2 2 2 2 2 2 2 2 2 2 2 2 2 2 2 2 2 2 2
left_child=2 5 7 4 8 18 32 11 9 15 -6 12 13 25 -9 16 17 -4 19 46 -3 -14 23 24 -12 26 27 -1 29 -29 31 -27 33 34 37 36 -36 -5 -19 -25 -26 42 43 44 -42 -44 47 48 49 50 57 52 53 -52 -55 56 -53 -2 -58 -59 61 -13
right_child=1 20 3 6 10 -7 -8 14 -10 -11 22 60 21 -15 -16 -17 -18 38 -20 -21 -22 -23 -24 39 40 30 -28 28 -30 -31 -32 -33 -34 -35 35 -37 -38 -39 -40 -41 41 -43 45 -45 -46 -47 -48 -49 -50 -51 51 55 -54 54 -56 -57 58 59 -60 -61 -62 -63
leaf_value=0.18958080210311823 0.072586377478529612 -0.044361868179986504 0.34571297300223447 0.23088794936052609 0.047090593938864223 -0.013512372674947901 0.12697189604745979 0.007677976347294807 0.12261446214848951 0.29748037980758657 0.35784691804099178 0.076419154791803542 0.16616881072514914 0.054913076396536364 0.084220320217107 0.12262291267259678 0.10927936374896613 0.063605611016879851 -0.0057756209827403392 0.065382092982617976 -0.023832946994421938 0.086415026220433816 0.055209328102442473 0.14474329437026043 0.14370986275259176 0.057620884160023436 0.081906930410327206 0.37603660477773049 0.19016175241768624 1.0964807330642805 0.089861194502717595 0.62892042336691889 0.10373180431340773 0.28556029394873039 0.26421595704381701 -0.0097773446948883937 0.77443766664780034 0.086484893290890055 0.25301454276164509 0.0047705896932684465 0.2217047832075453 0.063477813146953777 0.012390703016339488 0.10076631727533743 0.93894256507971763 0.26714370443179097 0.014169988202067855 0.0015162633322861963 0.012228025492525586 0.047017187210652622 1.2593058412934994 -0.048224521890033872 0.071888560543048985 6.2778699076927467 2.7492502919268857 -0.047968412172789264 0.32479731637854364 0.67834465051301862 0.76620502498647947 0.20961961577619129 0.026944223855840777 0.51849441775730176
leaf_weight=118.57802839949727 342.97236807178706 89483.527099323459 473.70211790921167 630.67284842533991 2476.3368856818415 14969.016136302613 873.61284430744126 3772.0256960564293 1055.3736808733083 678.22224932583049 88.547795967198908 127.71988063398749 1518.5649119266309 6972.4752372610383 1213.1662484756671 700.69850610243157 307.6448968811892 143.85900698928162 7664.798546963837 2493.7906527635641 13012.307096987963 1407.7234544423409 1554.5091298734769 241.31973746744916 2899.8236130196601 21.791031538508832 130.20522895036265 33.198002558201551 35.165458966512233 20.145151049364358 1071.6196468877606 26.529514733701944 170.13619695464149 1455.8517309348099 52.093559813220054 26.52020779857412 45.224195974878967 361.16989114694297 259.27985127689317 536.49350201524794 15.652372802142052 1204.5390876210295 125.50753018679097 36.992472485639155 19.867062442470342 83.386944235768169 24067.613991156686 2946.6695385738276 1045.9842840414494 977.38246709387749 4.1928322194144156 23.961012899875641 6.3710296200588337 3.7961003687232715 5.5012746816501021 43.181969036348164 28.064627450890839 19.930568538606167 59.690441956743598 65.191222730092704 2783.8674336369149 31.315405468456447
leaf_count=811 2246 436133 4643 4845 12601 78142 5700 18795 6046 5649 774 524 11166 39808 7816 4325 1786 823 39089 16099 68657 8474 7561 1559 18131 78 756 300 271 535 5834 446 792 11836 410 69 795 1843 2198 2038 110 6074 291 176 423 631 132508 15443 5687 6016 150 101 43 610 379 183 331 375 1222 611 14697 494
internal_value=-0.00175039 -0.0241519 0.0966509 0.137966 0.116826 0.0087932 0.213354 0.0612588 0.190767 0.218767 0.0879846 0.0734379 0.0835192 0.0681185 0.026318 0.190306 0.230207 0.272463 0.0171828 0.0226589 -0.0417559 0.127845 0.102853 0.116941 0.128856 0.131222 0.225659 0.315215 0.479532 0.663284 0.102605 0.377675 0.240822 0.249849 0.203035 0.396969 0.506785 0.178445 0.185749 0.0483278 0.124152 0.0859138 0.181385 0.368828 0.637603 0.114872 0.0190623 0.0401845 0.083554 0.130728 0.266143 0.612602 2.63897 3.7627 4.65972 0.337518 0.485625 0.123611 0.63029 0.32597 0.0345216 0.166163
internal_weight=193065 157264 35801.1 16517 12901.8 54768.1 3615.28 19284.1 3618.78 2563.41 9282.98 14298.9 11356 8429.71 4985.19 1885.18 1184.49 876.841 39799.1 32134.3 102496 2926.29 6806.64 5252.13 4474.32 1457.23 337.292 207.087 88.5086 53.3432 1119.94 48.3205 2741.67 2571.53 1115.68 123.838 97.3178 991.843 403.139 777.813 4385.77 1485.95 281.406 72.5119 35.5194 208.894 29640.5 5572.89 2626.22 1580.24 602.853 174.759 19.8612 13.4902 9.29738 154.898 111.716 428.094 87.7551 85.1218 2942.9 159.035
internal_count=1016959 804025 212934 102129 75839 299235 26290 110805 25470 19424 50369 84194 68479 48839 26611 13775 9450 7664 221093 182004 504790 19640 37768 30207 26610 9031 2673 1917 1106 835 6358 524 20590 19798 7962 1274 1205 6688 3021 3597 25836 7705 1631 709 533 922 165905 33397 17954 12267 6251 3019 1182 1139 989 1837 1654 3232 1553 986 15715 1018
is_linear=0
shrinkage=0.05


Tree=3
num_leaves=63
num_cat=0
split_feature=5 5 2 6 6 8 8 6 6 6 3 9 6 1 8 12 3 12 9 9 5 6 5 9 9 5 5 9 9 6 5 6 8 5 3 3 6 12 5 5 3 7 2 9 3 8 8 7 5 3 1 5 5 5 9 8 9 9 5 9 7 5
split_gain=144435 31484.5 16479.5 6172.57 5829.65 3374.53 3245.64 2492.71 1913.68 1904.37 1866.42 1984.69 4050.91 1805.53 1966.73 1794.11 1626.81 1630.8 1575.89 1393.21 1387.1 1366.96 1362.47 1340.29 1317.85 1710.71 1986.78 1317.8 1734.27 1356.67 1305.67 1224.18 1217.98 1612.22 3429.01 1215.65 1115.22 1100.56 1091.83 1088.92 1086.22 1074.56 1072.71 1048.05 1019.88 1018.19 1003.17 1316.75 1002.28 966.273 2709.02 956.32 1339.45 1815.36 2095 2112.05 1533.34 1023.38 948.619 937.997 950.758 917.255
threshold=225.50000000000003 2160.5000000000005 2.5000000000000004 0.15510877966880801 1.0000000180025095e-35 4.5000000000000009 4.5000000000000009 0.076977945864200606 0.15010730177164081 0.0042061035055667171 33.500000000000007 2.5000000000000004 1.0000000180025095e-35 3.5000000000000004 4.5000000000000009 1.0000000180025095e-35 2.5000000000000004 1.0000000180025095e-35 1.5000000000000002 10.500000000000002 81.500000000000014 0.52440747618675243 4.5000000000000009 2.5000000000000004 1.5000000000000002 69.500000000000014 100.50000000000001 7.5000000000000009 5.5000000000000009 1.0000000180025095e-35 10.500000000000002 0.16688089072704318 1.5000000000000002 179.50000000000003 1.0000000180025095e-35 6.5000000000000009 0.16463142633438113 1.0000000180025095e-35 49.500000000000007 85.500000000000014 38.500000000000007 10.500000000000002 18.500000000000004 7.5000000000000009 4.5000000000000009 5.5000000000000009 1.0000000180025095e-35 10.500000000000002 12.500000000000002 587.50000000000011 4.5000000000000009 1259.5000000000002 1529.5000000000002 1494.5000000000002 8.5000000000000018 2.5000000000000004 9.5000000000000018 10.500000000000002 77.500000000000014 2.5000000000000004 9.5000000000000018 105.50000000000001
decision_type=2 2 2 2 2 2 2 2 2 2 2 2 2 2 2 2 2 2 2 2 2 2 2 2 2 2 2 2 2 2 2 2 2 2 2 2 2 2 2 2 2 2 2 2 2 2 2 2 2 2 2 2 2 2 2 2 2 2 2 2 2 2
left_child=2 6 5 4 13 10 15 19 30 -3 11 12 18 14 23 35 31 22 32 20 37 49 -18 24 42 -26 -27 28 -12 39 41 -13 -1 48 -35 46 -14 -6 -10 -30 -8 45 -4 -9 -25 -7 47 -2 -34 61 -51 -48 53 56 55 59 -53 -58 -44 60 -55 -5
right_child=1 9 3 21 7 8 40 43 38 -11 27 16 36 -15 -16 -17 17 -19 -20 -21 -22 -23 -24 44 25 26 -28 -29 29 -31 -32 -33 33 34 -36 -37 -38 -39 -40 -41 -42 -43 58 -45 -46 -47 51 -49 -50 50 -52 52 -54 54 -56 -57 57 -59 -60 -61 -62 -63
leaf_value=0.029228135156150522 -0.023333110959291709 -0.044133831152179753 0.069861447095010284 0.20329028205316596 0.10444122394508651 0.50486952717373257 -0.015583675985619373 0.16304333115210731 0.20359249363823789 -0.023416754363584071 0.12684716191446152 0.027341694171243536 0.027837817619584738 0.2128568315026203 0.06411802998279359 -0.0085872149212965956 0.309164698273102 0.023331009371982552 0.22224697730618992 0.02807283320298648 0.044273529685398723 0.079582357830649195 0.078763469785229745 0.050983706845051803 0.1946086533578085 0.67000122044197041 0.27394489948186018 0.049371891691400466 0.98859365971220436 0.26589539850358562 0.005298571960024142 0.10362386694761078 0.27649963827971485 0.60749507591285123 0.015592572033542224 0.053358958562590958 0.15360922401035104 0.054860685276264948 0.060541118123049589 0.32981927716487125 0.15053054696570445 0.057034284988311416 0.50586131126732792 0.088651385384717896 0.15175772317958713 0.10918984783745003 0.015711123662318045 0.019658790200068124 0.076381693883087617 0.70545938590147594 0.13219401295694308 0.030490099838126797 0.018061561556112504 0.34402300285233411 -0.020255180214431491 0.093028608262014686 0.26757805455178785 0.084435782046650726 0.071711907903698274 0.33286339190492908 1.0323063457625268 0.10222702217040927
leaf_weight=276.55122974980623 3291.9394384827465 85652.70944391191 181.45655500749126 2021.7577590513974 5021.2466636775061 30.329050996806473 13712.104803942144 1285.5134206488729 183.06822187360376 12747.201108606998 247.38338273949921 5907.1166025777347 1410.7597083342262 990.18139451788738 745.02992590423673 7264.7189107285812 64.054400376975536 1542.400189621374 589.9921873640269 1374.4159937179647 1853.7335051582195 271.9816181762144 5471.505838948302 298.43583899084479 228.19128926470876 49.795928054954857 91.325931486207992 207.99242231715471 12.714478647802027 106.4449620898813 5220.5214230199344 576.57757447194308 76.912109895609319 53.409417383372784 44.562989673577249 2375.2639503134415 200.55388947762549 1445.1001619040035 489.89478101395071 14.385976213496177 98.129651489201933 158.27615097537637 29.794271069113165 756.473152437713 1626.0385281704366 35.287815824151039 16960.635783351492 3878.0846013319679 325.42654034821317 33.772757429629564 52.053384106606245 1574.6058552199975 2923.8446622802876 11.682390035595747 90.719476379454136 99.162598039954901 115.89134424179792 223.98567774519324 21.913653877563775 97.668375436216593 10.408481937367467 256.11781474296004
leaf_count=1337 15327 436166 905 12857 26296 407 72014 8080 1478 68812 1524 28952 7113 6282 3713 36853 596 7969 4907 6044 9001 1217 31609 1471 1537 824 808 989 306 941 26175 3809 615 821 233 14365 1507 6779 2897 152 837 844 385 3821 9415 175 91678 21298 1935 550 282 9028 16483 145 430 692 1209 1524 99 1146 284 1434
internal_value=-0.00197515 -0.0247445 0.0801884 0.115219 0.103527 0.0521034 0.00643126 0.0853249 0.0202218 -0.0414503 0.0634878 0.060366 0.0973288 0.153616 0.135629 0.0138207 0.0522423 0.0688173 0.160615 0.0747348 0.0824387 0.186128 0.0814849 0.156679 0.221873 0.280649 0.417427 0.150913 0.206082 0.350824 0.0103812 0.0341402 0.113583 0.160059 0.341145 0.0189636 0.0435777 0.0933712 0.0997002 0.663072 -0.0143925 0.128343 0.127976 0.135541 0.136165 0.296912 0.0161715 -8.03806e-05 0.115227 0.198349 0.363302 0.0214419 0.0403159 0.0695503 0.181699 0.265099 0.0513264 0.147485 0.326721 0.405627 0.698981 0.191977
internal_weight=193009 151129 41880.5 18634.3 15998.6 23246.1 52728.8 11736.5 6117.38 98399.9 17128.7 16539.8 2978.17 4262.16 3271.98 38918.6 13561.7 7077.96 1366.85 9694.5 8320.08 2635.68 5535.56 2526.95 602.478 369.313 141.122 588.921 380.929 133.545 5444.41 6483.69 776.862 500.311 97.9724 31653.9 1611.31 6466.35 672.963 27.1005 13810.2 223.893 233.164 2041.99 1924.47 65.6169 29278.6 7170.02 402.339 2363.7 85.8261 22108.6 5147.97 2224.12 309.641 218.922 1914.48 339.877 51.7079 119.759 22.0909 2277.88
internal_count=1017382 788291 229091 101800 85460 127291 283313 60021 31976 504978 95315 91403 18468 25439 19157 210462 72935 40174 9848 48120 42076 16340 32205 15444 4558 3169 1632 3912 2923 1399 27601 32761 4941 3604 1054 173609 8620 33075 4375 458 72851 1426 1389 11901 10886 582 159244 36625 2550 15123 832 122619 30941 14458 2697 2267 11761 2733 484 1575 429 14291
is_linear=0
shrinkage=0.05


Tree=4
num_leaves=63
num_cat=0
split_feature=5 5 5 4 6 6 6 8 2 8 12 8 5 6 12 6 4 3 8 6 9 6 12 9 4 6 6 6 2 4 6 4 7 6 2 6 9 9 9 6 9 3 4 8 9 9 4 4 7 8 8 7 4 6 3 9 5 2 2 4 8 7
split_gain=123355 30241.1 11691.8 6156.26 3700.41 3241.22 3004.06 2896.71 2508.79 2266.55 2372.52 2083.99 1924.2 1921.56 1709.78 1474.25 2609.24 5454.7 2561.7 3271.7 1456.77 2778.95 1454.39 1303.68 1301.96 1130.18 2316.48 2535.15 1786.7 1717.46 1210.5 1743.27 1980.47 1110.18 1177.64 1106.15 1617.39 1717.49 1080.06 994.81 962.335 961.388 956.042 947.209 925.83 912.825 894.911 891.536 899.765 957.624 867.146 1020.39 853.756 992.748 844.374 808.233 808.026 1258.01 1787.33 830.491 801.578 1127.23
threshold=225.50000000000003 2252.5000000000005 27.500000000000004 0.0062500000931322583 0.084923874586820616 0.0054982844740152368 0.19530099630355838 4.5000000000000009 24.500000000000004 4.5000000000000009 1.0000000180025095e-35 4.5000000000000009 100.50000000000001 0.0042061035055667171 1.0000000180025095e-35 0.003430541837587953 0.022916667163372043 44.500000000000007 1.0000000180025095e-35 0.0042061035055667171 2.5000000000000004 1.0000000180025095e-35 1.0000000180025095e-35 1.5000000000000002 0.0048611112870275983 1.0000000180025095e-35 0.015205914154648783 0.016749493777751926 5.5000000000000009 0.010416666977107527 0.015753671526908878 0.015972222667187456 5.5000000000000009 1.0000000180025095e-35 1.5000000000000002 0.20458932965993884 6.5000000000000009 3.5000000000000004 8.5000000000000018 0.19530099630355838 5.5000000000000009 38.500000000000007 0.015972222667187456 3.5000000000000004 5.5000000000000009 4.5000000000000009 0.017361111938953403 0.007638889132067562 8.5000000000000018 2.5000000000000004 1.0000000180025095e-35 11.500000000000002 0.025694444775581363 0.0098457541316747683 35.500000000000007 2.5000000000000004 1.5000000000000002 8.5000000000000018 17.500000000000004 0.024305555969476703 1.0000000180025095e-35 10.500000000000002
decision_type=2 2 2 2 2 2 2 2 2 2 2 2 2 2 2 2 2 2 2 2 2 2 2 2 2 2 2 2 2 2 2 2 2 2 2 2 2 2 2 2 2 2 2 2 2 2 2 2 2 2 2 2 2 2 2 2 2 2 2 2 2 2
left_child=2 7 4 11 5 14 8 22 9 10 12 20 25 -3 15 33 -17 18 -18 -20 21 23 24 -4 60 44 -27 28 29 -28 -31 -32 -33 34 55 36 37 -8 52 -13 -37 -9 54 -25 -5 -22 -42 -46 49 -49 51 -29 53 -7 -6 -1 57 -36 -59 -58 61 -2
right_child=1 13 3 6 42 38 35 41 -10 -11 -12 39 -14 -15 -16 16 17 -19 19 -21 45 -23 -24 43 -26 26 27 50 -30 30 31 32 -34 -35 56 40 -38 -39 -40 -41 46 -43 -44 -45 47 -47 -48 48 -50 -51 -52 -53 -54 -55 -56 -57 59 58 -60 -61 -62 -63
leaf_value=0.15494224263197381 -0.021927868644070009 -0.043935123828595463 0.083463682150405297 0.11405024486882265 0.1415068888223 0.0018145897060908923 0.92738502756792363 -0.015060109982940823 0.17000432798615495 0.027774284517925591 0.023157105998177181 -0.0011398764671189034 0.063129136272746411 -0.02263445251590054 0.069614183823106454 0.1091038890123634 0.36115401209275305 0.10930217012782262 1.8735799862522839 0.67799944807252555 0.0077370486554166062 0.02264121924318032 -0.0075002699560700326 0.21046766668799854 0.053115928460713814 0.035941711629422279 0.13848559317215584 0.018738775236241685 0.096263605784403711 0.27450213011182251 0.4861858051160563 0.55173841257813283 1.8017653586887712 0.020052597342561689 0.56015980145653754 0.078447885867627881 0.0047052889987254732 0.22558860020508698 0.038745554579434661 0.08034836966525484 0.13041097180078073 0.13243256888070346 0.18280906116670678 0.055756175678731382 0.047556029028839313 0.043702263465215281 0.24918162834796106 0.081275001282757331 0.35111976094007025 0.35373536135693429 0.14238159642894016 0.13952924262509206 0.12021736061982008 0.081671717777257832 0.039204286096639368 0.059996048372829361 0.17524996227073392 0.052408093073412487 0.40278432736172509 0.094439344010099902 0.019025024249263091 0.017777461899787666
leaf_weight=372.14017725829035 3245.8802948521916 81620.722217957256 835.02167161088437 326.90249970508739 1756.4911579554901 448.32902053184807 16.84528723359108 13650.090986537049 626.50964420568198 2742.7714712810703 1493.1415295056067 4301.1363596566953 3030.6736923120916 12169.942292765249 990.17202937742695 109.96097644418478 16.618544980883598 49.777429145760834 9.8213143981993216 16.325211940798908 2214.8146933009848 1247.3614810416475 7256.9977980866097 493.70018367888406 2347.1331641091965 893.87774834083393 21.239407201297581 383.37108396692201 39.567597568035126 14.210565656423567 18.379172832705081 7.218866244889794 7.2332945009693503 193.73663655249402 29.913981487974524 322.2948923879303 18.941387753002346 18.726942904293537 1852.0487830271013 409.25491032935679 354.21294236043468 110.39411426056176 1505.892414023634 124.76846858998761 55.980378390289843 8681.0147481793538 293.49886434338987 95.645247122272849 151.84942062711343 48.324877755250782 1366.6282062684186 320.99329831916839 1203.09119178541 2951.211202615872 228.900057438761 567.0069893784821 1325.5800776868127 83.774610329419374 63.841066379100084 423.59623276535422 23010.435023439582 3976.064860096667
leaf_count=2044 15533 434108 4709 1654 9941 1566 379 72878 3840 13282 6618 20864 14901 67275 4465 588 147 234 420 273 10060 6096 37295 3855 13652 3834 138 1402 214 122 241 109 312 669 400 1399 65 144 7618 2437 2038 832 8598 602 243 44506 2064 422 1466 471 8254 1941 5904 14054 549 2303 7801 200 624 1763 124823 21416
internal_value=-0.00189524 -0.0240507 0.0703889 0.0531645 0.107961 0.0933675 0.079959 0.00590973 0.0727251 0.0671786 0.080234 0.0346186 0.0927947 -0.0411715 0.127266 0.144739 0.275378 0.469671 0.877049 1.17956 0.0445473 0.0774182 0.0127414 0.124379 0.0172502 0.116738 0.103773 0.131572 0.367035 0.520287 0.6862 0.851016 1.25349 0.136005 0.143834 0.162028 0.379969 0.574196 0.0710193 0.00595565 0.149401 -0.0138673 0.152675 0.179397 0.175192 0.0363929 0.184531 0.231522 0.266058 0.174538 0.119139 0.0739052 0.0839946 0.0711438 0.129738 0.0977436 0.166238 0.268172 0.20563 0.155745 0.0144641 -6.85379e-05
internal_weight=192562 147388 45174.3 30976.1 14198.2 10706.9 12669 53597 11644.5 11018 8275.24 18307.1 6782.1 93790.7 4252.27 3262.09 202.503 92.5425 42.7651 26.1465 13596.7 2700.85 39836.5 1453.49 32579.5 3751.42 3072.72 2178.84 107.849 68.2813 47.0419 32.8313 14.4522 3059.59 2865.85 1024.52 54.5136 35.5722 6454.68 4710.39 970.007 13760.5 3491.28 618.469 678.702 10895.8 647.712 351.8 295.82 143.97 2070.99 704.364 4602.63 3399.54 1985.39 939.147 1926.71 177.53 147.616 1749.18 30232.4 7221.95
internal_count=1016655 787812 228843 158682 70161 51073 65553 286429 59464 55624 42342 93129 35724 501383 21931 17466 1662 1074 840 693 69828 15262 212719 9166 175424 20823 16567 12733 1136 922 784 662 421 15804 15135 6089 588 523 29142 23301 5501 73710 19088 4457 4256 54566 4102 2602 2359 893 11597 3343 21524 15620 10490 4347 10788 1224 824 9564 161772 36949
is_linear=0
shrinkage=0.05


Tree=5
num_leaves=63
num_cat=0
split_feature=5 5 2 6 6 4 8 5 6 4 12 6 8 9 6 4 5 5 5 8 9 5 5 5 8 8 4 12 8 5 7 5 4 12 7 8 8 9 9 4 5 4 5 9 9 9 9 2 8 7 5 7 7 6 12 9 5 8 8 5 5 5
split_gain=107277 21692.4 14961.4 3673.81 3754.05 3093.44 2555.57 2260.86 2028.95 1650.01 1624.71 1587.24 1262.97 1118.29 2247.24 1815.19 4549.64 2541.11 5124.05 6888.2 3333.77 3264.36 2573.15 1815.26 1349.12 1106.93 1083.41 997.972 968.603 2612.5 2852.75 1575.07 936.872 986.168 957.258 934.516 962.494 980.996 2745.97 4095.98 1950.66 1697.08 1430.34 909.639 858.354 831.085 1200.36 806.393 803.36 2552.08 2015.2 2006.47 793.568 759.526 731.469 722.527 1608.85 920.215 990.516 1800.3 850.392 1623.51
threshold=385.50000000000006 2845.5000000000005 2.5000000000000004 0.086476325988769545 1.0000000180025095e-35 0.003472222364507616 4.5000000000000009 21.500000000000004 0.084923874586820616 0.015972222667187456 1.0000000180025095e-35 0.0042061035055667171 4.5000000000000009 2.5000000000000004 1.0000000180025095e-35 1.0000000180025095e-35 809.50000000000011 453.50000000000006 525.50000000000011 3.5000000000000004 1.5000000000000002 468.50000000000006 495.50000000000006 630.50000000000011 2.5000000000000004 4.5000000000000009 0.007638889132067562 1.0000000180025095e-35 2.5000000000000004 686.50000000000011 11.500000000000002 729.50000000000011 0.003472222364507616 1.0000000180025095e-35 7.5000000000000009 2.5000000000000004 1.0000000180025095e-35 5.5000000000000009 6.5000000000000009 0.007638889132067562 45.500000000000007 0.034027779474854476 138.50000000000003 2.5000000000000004 1.5000000000000002 7.5000000000000009 5.5000000000000009 11.500000000000002 1.5000000000000002 8.5000000000000018 789.50000000000011 10.500000000000002 7.5000000000000009 0.17138406634330752 1.0000000180025095e-35 1.5000000000000002 1004.5000000000001 1.5000000000000002 3.5000000000000004 1152.5000000000002 1294.5000000000002 1583.5000000000002
decision_type=2 2 2 2 2 2 2 2 2 2 2 2 2 2 2 2 2 2 2 2 2 2 2 2 2 2 2 2 2 2 2 2 2 2 2 2 2 2 2 2 2 2 2 2 2 2 2 2 2 2 2 2 2 2 2 2 2 2 2 2 2 2
left_child=2 6 5 4 32 7 13 43 10 -5 12 -3 45 14 15 16 17 -2 19 20 21 -19 24 -20 -23 53 -6 -15 31 30 -30 -25 -4 35 -35 36 -34 41 39 40 -39 -38 -42 -1 -33 46 -7 -11 49 -46 -51 -50 -43 -9 -28 -18 -57 -58 59 -59 -61 -62
right_child=1 11 3 9 26 8 -8 25 -10 47 -12 -13 -14 27 -16 -17 55 18 23 -21 -22 22 -24 28 -26 -27 54 -29 29 -31 -32 44 33 34 -36 -37 37 38 -40 -41 42 52 -44 -45 48 -47 -48 -49 51 50 -52 -53 -54 -55 -56 56 57 58 -60 60 61 -63
leaf_value=0.12068622808959917 -0.020476949871398913 -0.04428807381272673 0.067568787376255546 0.097515199129338911 0.032190233126647809 0.056689187300602122 -0.019349832463646119 0.019745435000125908 0.087016552209934289 0.11339280512795047 0.0050498448118136826 -0.023978005471646288 0.019983032691504851 0.0077400507063060536 -0.0022206447901044518 -0.0069210344713344822 -0.0050671897396368246 0.44600411324598127 0.02034963512752521 0.0039864650360354114 0.39275205867250046 2.3186771503159487 0.5644021823447809 -0.018698302947314137 1.0732646239476462 -0.004305743346732443 0.074848516547489058 -0.016807559220316255 -0.02241187274832291 -0.048405332677161253 0.91005213054316636 0.078103658537294576 0.10960994982179649 0.26701406331443012 0.061051878310566403 0.10688691481336653 0.1083091998663577 1.1890887309842753 0.12323106810287986 0.25124427099823715 0.18832218404103471 0.21728175313730738 0.83605108806184081 0.049470158087995486 0.13627186287677381 0.040585643241499901 0.11151386908420963 0.17486452198754066 0.46910037178962505 0.81023597252405599 0.10755619013390845 -0.013620804622531735 0.60517003228569766 0.059532088078448911 0.039099231462407423 -0.036083185642301403 0.031775601569931269 0.4844792314761579 0.051294440898823304 -0.030281828434449126 0.51044207595428359 0.07336740159783707
leaf_weight=632.80053675174713 124.75213090702891 75816.867513166275 1082.712190640159 3023.3420525216497 2894.0686056315899 3058.6911768191494 11849.232314561727 13052.115192219615 3160.7420048830099 830.74729791469872 2385.579531960655 11022.121149957646 2473.8673123791814 23217.765431280481 3195.4101636712439 786.04822202119976 712.82455126661807 10.083368499297647 148.38170705363154 31.251096474938095 19.177947242278606 9.5111572290770763 5.9147761696949592 36.935540698003024 6.5212161857634774 4809.691484904848 6960.6015072320588 5037.9486246029846 15.158278913237156 80.412611137144268 16.754715609364212 28.995320184156299 603.60414626263082 59.419081830885261 880.86602012580261 1741.500425204169 455.89882867131382 16.794611032120883 252.66663031466305 194.93424573540688 18.07307440880686 30.473923448473215 16.520174529403448 1543.1406566109508 36.75916351377964 2968.6544463885948 1485.041191296652 1536.2385548460297 47.979067865759134 48.962475822772831 13.244403451681135 38.30920547246933 24.968622134998441 1320.3261908236891 1805.7094676322304 256.6559345559217 189.77907701721415 53.513697216287255 108.81473263632506 46.580574473366141 32.350434341002256 59.683727793395519
leaf_count=3148 456 420261 4979 13909 12602 15524 63610 64597 18362 3658 11370 61887 13069 122679 16255 3846 3602 146 678 145 187 524 105 175 190 24649 30276 25526 63 326 396 187 2765 469 3282 7940 1943 445 1239 1294 110 199 319 6503 225 13956 8893 8484 593 972 76 103 364 7605 7507 1098 1087 782 671 202 486 412
internal_value=-0.00205464 -0.0269774 0.0538677 0.0860711 0.0746807 0.0342866 0.000676502 0.0219376 0.0512646 0.122056 0.0421244 -0.0417105 0.0509796 0.00757172 0.0268718 0.0582114 0.0816962 0.184552 0.227548 0.591229 0.942665 1.25006 1.58394 0.167925 1.90486 0.0164565 0.0587323 0.00336281 0.227943 0.104608 0.479919 0.282463 0.109239 0.119724 0.074337 0.132417 0.159881 0.189776 0.239777 0.358344 0.752064 0.14061 0.512447 0.0702269 0.334228 0.0611829 0.0746283 0.153347 0.373681 0.47175 0.664698 0.257087 0.399595 0.0234043 0.0674901 0.0309515 0.0652659 0.118239 0.172478 0.240491 0.143501 0.230836
internal_weight=192424 133105 59319.8 22429.1 17038.8 36890.6 46265.7 21358.1 15532.6 5390.33 12371.8 86839 9986.25 34416.5 6160.77 2965.36 2179.31 719.104 594.352 82.4596 51.2085 32.0305 21.9471 511.892 16.0324 19182.1 11660.4 28255.7 363.511 112.326 31.913 251.185 5378.43 4295.72 940.285 3355.43 1613.93 1010.33 498.989 246.322 51.3879 511.341 34.5932 2175.94 214.25 7512.39 4543.73 2366.99 185.254 98.966 62.2069 86.2883 55.4425 14372.4 8766.31 1460.2 747.378 490.722 300.943 192.128 138.615 92.0342
internal_count=1017411 727951 289460 101784 75733 187676 245803 106502 81174 26051 62812 482148 51442 182193 33988 17733 13887 5547 5091 1297 1152 965 819 3794 714 96851 50385 148205 3116 785 459 2331 25348 20369 3751 16618 8678 5913 3407 2168 874 2506 429 9651 2156 38373 24417 12142 1969 1273 1048 696 563 72202 37783 8340 4738 3640 2553 1882 1100 898
is_linear=0
shrinkage=0.05


Tree=6
num_leaves=63
num_cat=0
split_feature=5 5 5 6 4 2 8 9 6 6 3 9 4 9 9 9 10 6 5 5 5 8 5 8 9 3 4 8 1 6 6 8 4 3 9 4 6 2 9 9 6 5 3 6 10 5 8 6 2 4 4 9 2 3 4 5 5 5 6 4 4 9
split_gain=95476 16665.4 15061.2 3578.49 3501.24 2425.03 1973.67 1854.59 1554.9 1494.96 1312.36 1914.46 1365.69 1245.05 1569.41 1487.75 1167.9 1097.42 940.955 2337.59 2308.02 1323.16 1150.91 982.975 863.61 2128.01 1414.97 959.769 1161.31 847.449 927.372 966.172 779.451 993.485 705.903 689.579 893.348 1053.49 1120.76 2729.07 2301.35 2055.23 1711.5 1565.64 1394.21 1190.33 757.022 680.977 1119.63 679.679 981.217 838.781 673.509 836.657 827.475 672.315 650.559 1201.78 631.398 896.895 627.102 654.575
threshold=541.50000000000011 2977.5000000000005 77.500000000000014 0.16463142633438113 0.0048611112870275983 1.5000000000000002 4.5000000000000009 10.500000000000002 0.0042061035055667171 1.0000000180025095e-35 1.0000000180025095e-35 2.5000000000000004 0.0020833333837799732 8.5000000000000018 5.5000000000000009 6.5000000000000009 1.0000000180025095e-35 0.084923874586820616 244.50000000000003 453.50000000000006 132.50000000000003 1.5000000000000002 207.50000000000003 3.5000000000000004 8.5000000000000018 14.500000000000002 0.060416666790843017 4.5000000000000009 21.500000000000004 0.11543040350079538 1.0000000180025095e-35 1.5000000000000002 0.045138889923691757 79.500000000000014 6.5000000000000009 0.025694444775581363 0.01980624441057444 33.500000000000007 4.5000000000000009 5.5000000000000009 0.0050062655936926612 12.500000000000002 43.500000000000007 0.016091184690594677 1.0000000180025095e-35 2.5000000000000004 4.5000000000000009 0.014296663925051691 46.500000000000007 0.024305555969476703 0.010416666977107527 7.5000000000000009 61.500000000000007 38.500000000000007 0.010416666977107527 14.500000000000002 254.50000000000003 348.50000000000006 0.029710326343774799 0.049305556342005737 0.050694445148110397 7.5000000000000009
decision_type=2 2 2 2 2 2 2 2 2 2 2 2 2 2 2 2 2 2 2 2 2 2 2 2 2 2 2 2 2 2 2 2 2 2 2 2 2 2 2 2 2 2 2 2 2 2 2 2 2 2 2 2 2 2 2 2 2 2 2 2 2 2
left_child=2 6 3 5 10 55 -2 9 -3 24 11 16 -12 14 -6 29 18 35 20 -20 -4 -22 -23 -21 27 -26 32 34 -29 30 31 -16 33 -27 -7 46 37 38 -37 41 42 44 -41 -42 45 -40 -11 -39 -49 50 -36 -52 53 -31 -55 -1 -33 -58 -38 -60 61 -19
right_child=1 8 4 -5 13 7 -8 -9 -10 17 12 -13 -14 -15 15 -17 -18 60 19 23 21 22 -24 -25 25 26 -28 28 -30 52 -32 56 -34 -35 49 36 58 47 39 40 43 -43 -44 -45 -46 -47 -48 48 -50 -51 51 -53 -54 54 -56 -57 57 -59 59 -61 -62 -63
leaf_value=0.064250247980039907 0.0047482116016889777 -0.044165444555131286 -0.0037370525402018249 0.11529456284659734 0.037964859230866149 0.11792414459571379 -0.021164797310316334 0.030318930095818986 -0.023655559335051212 0.064995847074537802 0.0010998360216448605 -0.015544934870819069 0.024287866459155493 0.022054409649793716 0.22916580898925232 0.054348572518872387 0.010370043131725196 0.11094682494063131 -0.0032921702762086628 0.27634816949600699 -0.019175720414024679 0.24180891779743396 0.54052191287107365 0.02468271908064933 0.064537046667759543 0.35942462485154048 0.036542611486180258 0.038490034308109884 0.24502676491120501 0.17294772393645572 0.069564634024294011 0.04953031571296352 0.59039393949257979 0.092485069572592879 0.020511528239784662 0.060215750567848531 0.0081664565771810207 0.012867268512002095 0.46661614403728602 0.43224218233082834 0.012156669953026415 0.18942607035812298 0.056583503869381449 0.27283270019443834 0.3210985999051939 1.2144429383163091 0.029246251696546516 -0.0089195533013249617 0.33917839819669177 -0.06778957876319526 0.077632722393445569 0.34002378695052893 -0.020659024750422274 0.13659385564038734 0.54449513311066278 0.027656530974075628 0.51426348310245829 0.010596047111039848 0.12122322857265672 0.028155262893983568 0.18039997156361731 0.042487343503087763
leaf_weight=1731.3964687054977 28971.995285789948 72107.630551311187 133.05167049029842 4040.7072547776625 5438.0819944883697 2804.2931439317763 9844.0721956440248 2200.9121531052515 10603.687043407001 5283.5631030085497 14144.414309247863 676.99191499454901 11521.914458971471 3936.7973001827486 233.22972355782986 2427.6977423848584 362.58481978392228 1341.2370383599773 363.81190508464351 145.62288734875619 40.725466221570969 226.21427756734192 37.829301511403173 53.047405165154487 267.76954260049388 128.90916917333379 53.386059252545238 959.68303403723985 72.32636365108192 167.58358595799655 872.3549130987376 208.17725656088442 24.515491508878767 48.811338793486357 228.5999523838982 245.2523504588753 437.07006817357615 300.25941702257842 11.085197398439051 93.843958768993616 260.8835264723748 41.289995801635087 45.059950014576316 72.960091453511268 17.858389707282186 14.433496446348725 2060.905862707179 45.327503389678895 46.001190077513456 95.312540763989091 69.272402536123991 54.485724057070911 30.180124411359429 20.380381465889513 34.698929243721068 4569.3660521041602 22.02775713801384 24.473368926439434 579.96746784169227 468.31233380734921 232.71987274568528 474.31679614912719
leaf_count=7078 152232 417455 500 18558 25145 12769 53706 8706 60906 22749 70062 3297 59723 17367 1599 12004 1568 6426 1602 1081 157 1769 548 292 1202 1191 143 3634 488 1210 4631 834 339 290 805 968 1173 862 133 974 738 278 161 568 158 401 8645 89 436 84 261 490 46 129 472 20504 333 125 2774 1443 1206 1723
internal_value=-0.00199402 -0.0288523 0.0442749 0.0715875 0.0247319 0.064625 -0.00182392 0.0735069 -0.0415364 0.0791359 0.0145788 0.0531695 0.0115098 0.0456977 0.0555139 0.079116 0.0872886 0.0697335 0.115131 0.0721442 0.170068 0.24571 0.286483 0.209611 0.102728 0.163421 0.266349 0.0952766 0.0531879 0.116334 0.100572 0.155756 0.326534 0.287037 0.108613 0.0629064 0.0846315 0.116834 0.149615 0.188771 0.14135 0.448813 0.311655 0.069771 0.685887 0.919436 0.0549696 0.0494283 0.168188 0.0501534 0.0821584 0.194952 0.200401 0.230322 0.398691 0.0377208 0.0878951 0.254989 0.0586792 0.0797122 0.103097 0.0930949
internal_weight=192071 121527 70544 29422.1 41121.9 25381.4 38816.1 19080.6 82711.3 16879.7 27706.2 2039.88 25666.3 13415.7 9478.89 4040.8 1362.89 12072.3 1000.3 562.482 437.821 304.769 264.044 198.67 4807.36 523.392 255.622 4283.97 1032.01 1613.11 1360.26 487.908 202.236 177.721 3251.96 10024.1 2679.6 1194.26 802.667 557.415 472.748 84.6671 138.904 333.844 43.3771 25.5187 7344.47 391.588 91.3287 447.671 352.358 123.758 252.843 222.663 55.0793 6300.76 254.678 46.5011 1485.35 1048.28 2048.27 1815.55
internal_count=1017240 684299 332941 128447 204494 109889 205938 82307 478361 73601 140599 10814 129785 63895 46528 21383 7517 51905 5949 2975 2974 2474 2317 1373 21696 3165 1963 18531 4122 9379 7522 2891 1820 1481 14409 42550 11156 5766 4379 3411 2441 970 1135 1306 692 534 31394 1387 525 1640 1556 751 1857 1811 601 27582 1292 458 5390 4217 9355 8149
is_linear=0
shrinkage=0.05


Tree=7
num_leaves=63
num_cat=0
split_feature=5 5 4 4 5 8 6 6 5 9 6 6 12 6 5 4 9 9 9 8 6 2 12 5 8 8 5 7 6 4 4 9 5 9 5 5 5 8 2 5 9 8 6 6 5 5 2 6 5 5 6 6 8 10 9 8 5 5 6 5 7 6
split_gain=85973.8 22073.9 3462.77 3106.47 2559.92 2397.81 2311.37 1638.31 1327.52 1131.64 3078.91 1130.52 1093.26 1080.71 1038.09 1285.39 1347.76 1022.37 1249.85 950.668 956.577 973.684 989.891 1028.22 946.631 875.722 1200.65 875.198 855.591 866.557 856.761 883.774 798.854 786.441 781.785 1556.23 1111.52 1296.13 781.637 733.313 884.843 731.988 928.962 730.069 693.95 805.324 688.068 636.777 624.185 1044.64 2249.93 642.426 622.745 616.996 597.67 790.933 1526.61 6305.39 6730.14 14346.8 5837.74 698.485
threshold=1760.5000000000002 95.500000000000014 0.003472222364507616 0.0062500000931322583 4397.5000000000009 4.5000000000000009 0.074097141623497023 1.0000000180025095e-35 24.500000000000004 2.5000000000000004 1.0000000180025095e-35 0.010209293104708196 1.0000000180025095e-35 0.26655702292919164 216.50000000000003 1.0000000180025095e-35 1.5000000000000002 7.5000000000000009 5.5000000000000009 4.5000000000000009 0.013671319931745531 7.5000000000000009 1.0000000180025095e-35 4.5000000000000009 4.5000000000000009 1.0000000180025095e-35 1223.5000000000002 15.500000000000002 0.05268495716154576 0.010416666977107527 0.028472222387790683 1.5000000000000002 24.500000000000004 7.5000000000000009 809.50000000000011 1092.5000000000002 495.50000000000006 2.5000000000000004 55.500000000000007 171.50000000000003 5.5000000000000009 1.5000000000000002 0.2609903365373612 0.02273721527308226 831.50000000000011 453.50000000000006 8.5000000000000018 0.01980624441057444 293.50000000000006 264.50000000000006 1.0000000180025095e-35 0.093777656555175795 1.0000000180025095e-35 1.0000000180025095e-35 1.5000000000000002 5.5000000000000009 686.50000000000011 575.50000000000011 0.0060648974031209954 630.50000000000011 11.500000000000002 0.007699718466028572
decision_type=2 2 2 2 2 2 2 2 2 2 2 2 2 2 2 2 2 2 2 2 2 2 2 2 2 2 2 2 2 2 2 2 2 2 2 2 2 2 2 2 2 2 2 2 2 2 2 2 2 2 2 2 2 2 2 2 2 2 2 2 2 2
left_child=1 3 5 8 -2 9 7 -5 41 10 14 -6 25 24 -3 16 44 18 -4 20 -9 22 23 27 46 -11 39 -22 29 -25 31 43 -21 -8 36 -36 -18 52 -23 40 -27 42 -1 -31 45 -16 -10 -40 49 51 53 -20 -38 -51 55 56 57 -7 59 -59 -61 -56
right_child=4 2 17 6 11 54 33 19 13 12 -12 -13 -14 -15 15 -17 34 -19 48 32 21 38 -24 28 -26 26 -28 -29 -30 30 -32 -33 -34 -35 35 -37 37 -39 47 -41 -42 -43 -44 -45 -46 -47 -48 -49 -50 50 -52 -53 -54 -55 61 -57 -58 58 -60 60 -62 -63
leaf_value=0.08610781962501024 -0.019097704342208768 0.1011752090840663 0.0292970259366243 0.08950272997198476 -0.044538788375923594 0.063394540965772503 0.11314951243180088 0.036576833930471918 0.033378561244801874 -0.0049405561670924098 -0.0051988230194067774 -0.025077278967062074 -0.012397238134089411 0.10841633548651596 -0.0066360221421305418 -0.0009390451143118522 0.049259253018999062 0.016298973927785437 0.057569303817080898 0.056597307019396303 0.45610442078835778 0.041896960271518235 0.031835480201506582 0.065898562341239961 0.00075694901995699247 -0.0047671920912581347 0.043715463079175385 0.13134641135504105 0.030535095663827668 0.12513709394208278 0.032540122818323435 0.14048826745087301 0.0056815503365595993 0.074269061487209007 -0.017371111453402702 0.13474578710076904 0.11952924627603992 -0.047260253474638463 0.30881443659798435 0.0073490792043192088 0.065686678140602764 0.052032767448564936 0.28989257672919033 0.50741979482222144 -0.019309600814650732 0.096750800547743279 0.11052750381075221 0.09717450189022496 0.029223341066799854 0.3547091014882337 0.089950889040699478 0.12183602326832284 0.26912946203326227 0.78586638888611127 -0.030243472702361086 -0.021411310134365771 -0.023662173473875406 0.12586810212537561 0.075799502297953875 4.378317541894579 0.89034470724926118 -0.0052307960681260085
leaf_weight=1139.5543125262484 14208.221670210594 973.26407080283388 6790.843021272216 4190.6750564710237 64693.712480165297 306.97446067072451 3797.3157907775603 2594.9596629147418 5274.471100019291 5940.6898564775474 3831.9430636344478 8440.113762951456 5660.4713104576804 418.58637881139293 311.20931869186461 1143.7890326748602 217.59028073679656 6346.6241148994304 1994.0247894651257 1434.7568501313217 36.865779514890164 2355.5456501604058 559.63730292581022 686.68596615223214 2532.6316742277704 698.23198658926412 3456.1954395649955 48.508313997648656 382.56450421037152 22.326041080988944 179.45172451622784 1158.3697281898931 1662.8569510676898 1992.1128904120997 322.84169360296801 349.40313092619181 101.3591006891802 49.693844365887344 43.458868534304202 14282.695067081135 1230.3423501136713 4338.4479017229751 58.05328069627285 30.000953262671828 501.42921993508935 475.6706355502829 305.02582115866244 187.26962273288518 866.88755411049351 26.526411911472678 117.72849545255303 483.84117265697569 239.75271268142387 14.008523736614732 5226.23697718326 599.52398590696976 298.53681316785514 8.0883524706587213 15.271028079092501 3.4146119412034741 2.5088074812665582 5990.0313959335908
leaf_count=4378 84208 5177 31734 16694 390329 1967 16483 9568 22754 28946 18569 49290 27866 2331 1355 5703 911 28566 9231 5483 424 7617 2427 2994 11396 2895 19624 236 1371 115 578 6084 6704 7573 1488 2424 536 224 368 72523 6738 16868 451 387 2267 2527 1469 825 4553 296 746 2709 1851 288 26980 3110 1617 70 114 399 76 33395
internal_value=-0.00192339 0.028721 0.0122238 0.0607908 -0.0385202 0.00589602 0.0728055 0.06277 0.04254 0.0118886 0.0280439 -0.0422932 0.0074869 0.0301604 0.0552232 0.0431533 0.0627775 0.0320864 0.0418175 0.0529215 0.0617571 0.0732309 0.0921136 0.105352 0.0261095 0.0118824 0.0169639 0.275239 0.0993452 0.112 0.134708 0.149812 0.0292754 0.0997861 0.0990841 0.0617752 0.140139 0.190484 0.0505384 0.0112582 0.0401899 0.0616073 0.0962198 0.349719 0.0266381 0.055905 0.0376153 0.138199 0.0660739 0.0781765 0.202421 0.0701624 0.225156 0.519047 -0.0132529 0.0197585 0.0586135 0.131513 0.819934 1.57187 3.243 -0.0168871
internal_weight=191650 104308 68877.6 35430.1 87342 52237.2 21363.4 15573.9 14066.8 39786.6 8517.95 73133.8 31268.6 8530.71 4686 3712.74 2568.95 16640.5 10293.9 11383.3 8285.64 5690.68 3104.41 2544.77 8112.13 25608.2 19667.5 85.3741 2459.4 2076.83 1390.15 1210.7 3097.61 5789.43 1280.64 672.245 608.396 390.806 2586.27 16211.3 1928.57 5536.06 1197.61 52.327 1288.31 786.88 5579.5 230.728 3503.02 2636.13 158.263 2477.87 341.112 40.5349 12450.6 1234.32 634.794 336.257 29.2828 14.0118 5.92342 11216.3
internal_count=1016880 493053 347475 145578 523827 269352 85931 61875 59647 201624 43032 439619 158592 37950 24463 19286 13583 78123 49557 45181 32994 23426 14616 12189 35619 130726 101780 660 11529 10158 7164 6586 12187 24056 7434 3912 3522 2611 8810 82156 9633 21697 4829 502 6149 3882 24223 1193 17823 13270 1330 11940 2387 584 67728 7353 4243 2626 659 545 475 60375
is_linear=0
shrinkage=0.05


Tree=8
num_leaves=63
num_cat=0
split_feature=5 5 4 8 4 5 9 12 5 3 9 3 5 8 12 12 2 2 10 12 5 5 8 7 9 2 8 5 5 5 5 9 9 9 8 7 9 4 10 7 7 5 5 7 5 3 9 5 5 9 7 9 5 8 7 5 1 8 3 7 9 9
split_gain=78892.2 19394.6 3411.3 2426.07 2292.5 1608.02 1255.99 1105.27 2037.94 1103.61 1027.07 1371.4 1999.18 977.552 948.397 920.479 782.489 1433.82 741.612 724.076 703.425 1741.94 1156.13 715.558 686.736 748.738 684.165 659.815 580.598 578.256 682.131 1188.71 978.038 1388.93 853.549 713.893 636.47 539.841 528.786 824.501 946.275 653.376 587.698 520.059 1108.34 693.349 509.633 754.978 1097.61 506.909 501.988 477.252 738.519 563.831 467.303 464.764 457.465 451.005 574.64 677.182 447.082 930.693
threshold=2065.5000000000005 95.500000000000014 0.0020833333837799732 4.5000000000000009 0.003472222364507616 4397.5000000000009 10.500000000000002 1.0000000180025095e-35 1.5000000000000002 29.500000000000004 2.5000000000000004 1.0000000180025095e-35 809.50000000000011 4.5000000000000009 1.0000000180025095e-35 1.0000000180025095e-35 8.5000000000000018 18.500000000000004 1.0000000180025095e-35 1.0000000180025095e-35 18.500000000000004 6.5000000000000009 1.0000000180025095e-35 10.500000000000002 4.5000000000000009 1.5000000000000002 1.0000000180025095e-35 1223.5000000000002 510.50000000000006 1529.5000000000002 1494.5000000000002 9.5000000000000018 8.5000000000000018 7.5000000000000009 2.5000000000000004 11.500000000000002 10.500000000000002 0.0090277781710028666 1.0000000180025095e-35 17.500000000000004 7.5000000000000009 8.5000000000000018 16.500000000000004 10.500000000000002 1.5000000000000002 113.50000000000001 11.500000000000002 1366.5000000000002 1294.5000000000002 4.5000000000000009 7.5000000000000009 1.5000000000000002 1004.5000000000001 1.0000000180025095e-35 15.500000000000002 10.500000000000002 23.500000000000004 3.5000000000000004 100.50000000000001 9.5000000000000018 2.5000000000000004 1.5000000000000002
decision_type=2 2 2 2 2 2 2 2 2 2 2 2 2 2 2 2 2 2 2 2 2 2 2 2 2 2 2 2 2 2 2 2 2 2 2 2 2 2 2 2 2 2 2 2 2 2 2 2 2 2 2 2 2 2 2 2 2 2 2 2 2 2
left_child=1 4 3 10 13 -2 7 8 16 15 11 12 19 60 27 18 26 -18 28 -3 21 43 -23 -24 -10 -26 -6 -12 -4 30 31 -29 33 34 49 -35 -33 -28 39 40 -27 54 -43 44 -9 -46 -38 48 -48 -32 -40 -14 -53 -54 -42 -15 -19 58 59 -44 61 -1
right_child=5 2 9 -5 6 -7 -8 20 24 -11 14 -13 51 55 -16 -17 17 56 -20 -21 -22 22 23 -25 25 38 37 29 -30 -31 32 36 -34 35 -36 -37 46 -39 50 -41 41 42 57 -45 45 -47 47 -49 -50 -51 -52 52 53 -55 -56 -57 -58 -59 -60 -61 -62 -63
leaf_value=0.033662129983854615 -0.02159709927705987 0.063773754563130391 0.03719258652754022 -0.017581173054951271 0.076710812141958032 -0.042034485770549759 0.032136188828645308 0.038912101099737507 0.055439492178323918 0.057152825013885682 0.0036870927573342954 -0.0023964041612216718 -0.0055735831619895589 0.06255210630087879 -0.015409928537934658 0.00099253170404737189 0.047702299565428152 0.27149458698553419 0.011880297500176808 0.14209853449550677 0.02633083172521954 -0.010697908792601248 0.096616545773063486 0.22133731582616309 0.042338344141909755 0.084117760098450359 0.23929594619440567 0.011694679884758762 0.0032694895467280903 0.0074298944508187446 0.09087694802400989 0.1558261078126566 -0.026655299498578595 0.21773761131555466 -0.033377242307771691 0.60831759528444063 -0.0066462268761105408 0.48631045926719652 0.040287535790141805 0.064512366404688409 0.13089021463167613 0.2801610894191921 0.12277790655675923 0.031041857153431662 0.41838420654102459 0.089708631042651643 0.01976741785734001 -0.0072610144704150746 0.3354180785327483 0.29157398698293163 0.079279273228416894 -0.020610573383088443 -0.025185257478158297 0.07917501122776309 0.037917632421228142 -0.00053155335140583741 0.13585025987626217 0.10503140960152815 0.059902437738334126 0.25154731107060652 0.036216870790000501 0.10771340363240936
leaf_weight=985.56031890539452 11158.484831150388 1861.5712820626795 11489.220547483768 11199.609547261614 37.867488856427372 70168.054978291504 3084.2341563901864 156.64971531415358 6740.5872999294661 2479.4933748408221 17057.84346878482 2928.1424250667915 1568.1888615055941 334.24615257838741 4909.4591700546443 4234.8710981272161 270.60016606003046 144.83236483111978 5752.815464482177 350.95359758101404 2515.7377210785635 105.96889962907881 194.59055349696428 289.49770169658586 1514.176233257167 3226.0104888626374 68.538806078955531 2134.4136327374727 1417.0780069725588 3103.4552306612022 77.956486457958817 231.6125285839662 104.95045890193433 29.4048619447276 78.863693746738136 20.711287004873157 192.7011126736179 35.313960841856897 1377.6351584754884 2557.3881182512268 284.05618739873171 85.68757671257481 176.98640093160793 1688.1373826065101 38.123771404847503 28.348217198625207 50.41056916769594 81.546306401491165 60.059615611098707 53.399878176860511 2072.8032426047139 404.01695281174034 156.56284215580672 734.51033047307283 259.16688260249794 2261.7023467617109 114.9605122525245 434.22261245781556 91.336622987873852 251.96906468598172 5145.0484625878744 745.93512936634943
leaf_count=3735 69114 8471 55478 60990 111 439782 11491 480 24575 10817 84871 13757 7793 1233 24602 19623 668 1043 27169 2231 9234 160 838 1983 6263 12974 446 10804 7135 16212 449 1699 462 252 303 341 878 408 4482 9162 1222 674 832 5319 397 117 263 372 680 522 8571 1923 696 4353 704 9610 623 2062 282 1870 20377 3543
internal_value=-0.00188457 0.0257062 0.0106761 0.00275423 0.0550114 -0.0392307 0.06224 0.0659882 0.071315 0.0254711 0.00904754 0.0248531 0.0405703 0.033758 0.00455865 0.0220375 0.156859 0.128534 0.0268136 0.0762563 0.0450152 0.0637893 0.138821 0.171505 0.0682923 0.0753128 0.261223 0.00877074 0.0334685 0.0227105 0.0379223 0.0293741 0.102037 0.153821 0.0964458 0.387894 0.0904817 0.327127 0.0799241 0.0875006 0.0997084 0.131399 0.154644 0.0405646 0.112154 0.281621 0.0508403 0.108267 0.192848 0.174052 0.0637275 0.0129778 0.0354282 0.0608311 0.086685 0.00761186 0.212222 0.143095 0.1746 0.198826 0.0436258 0.0656075
internal_weight=191408 110082 72763.8 47390.3 37317.9 81326.5 27845.4 24761.2 19744.1 25373.5 36190.7 8003.95 5075.8 9472.49 28186.8 22894 672.113 530.393 18659.1 2212.52 5017.05 2501.32 590.057 484.088 19072 12331.4 141.72 23277.3 12906.3 6219.49 3116.03 2750.74 365.287 260.336 210.22 50.1161 616.33 103.853 10817.3 7366.82 4809.44 1583.43 1040.2 1911.26 223.122 66.472 384.718 192.016 110.47 131.356 3450.44 2863.28 1295.09 891.073 543.223 2595.95 259.793 954.515 520.292 428.955 6876.54 1731.5
internal_count=1017531 508635 363146 242924 145489 508896 106991 95500 76972 120222 181934 39224 25467 38498 142710 109405 3299 2334 89782 10702 18528 9294 2981 2821 73673 49098 965 118108 62613 33237 17025 14696 2329 1867 1274 593 3892 854 42835 29782 20620 7646 5720 6313 994 514 2193 1315 943 971 13053 14765 6972 5049 1926 10843 1666 5046 2984 2702 27655 7278
is_linear=0
shrinkage=0.05


Tree=9
num_leaves=63
num_cat=0
split_feature=5 5 4 6 8 5 8 6 6 6 6 12 6 4 5 5 3 6 9 4 4 6 12 6 9 9 3 4 3 9 3 6 6 3 4 2 9 9 8 7 5 5 5 9 9 9 8 8 5 5 8 7 9 3 8 3 9 6 6 3 9 9
split_gain=72491.5 16705.7 2875.74 2222.91 1947.47 1455.04 1200.43 1177.72 1345.82 1151.94 978.651 928.054 815.919 740.866 693.864 693.001 670.274 660.933 1731.41 912.652 980.731 900.845 714.402 630.28 607.327 855.865 787.57 761.713 1992.01 932.802 827.463 623.32 845.988 604.011 1219.44 672.763 992.847 889.492 597.565 1119.7 699.295 612.85 866.559 791.634 757.046 676.479 1182.93 597.249 565.898 557.643 552.538 624.028 526.245 912.326 1127.24 516.882 993.198 1115.87 2654.88 1595.67 790.111 811.412
threshold=2065.5000000000005 185.50000000000003 0.0090277781710028666 0.0042061035055667171 4.5000000000000009 24.500000000000004 4.5000000000000009 0.1056119315326214 0.0046029980294406423 0.013671319931745531 0.016489181667566303 1.0000000180025095e-35 0.066708255559206023 0.0048611112870275983 4397.5000000000009 686.50000000000011 28.500000000000004 0.003430541837587953 7.5000000000000009 0.060416666790843017 0.018750000745058063 1.0000000180025095e-35 1.0000000180025095e-35 0.17138406634330752 7.5000000000000009 2.5000000000000004 108.50000000000001 0.018750000745058063 24.500000000000004 4.5000000000000009 66.500000000000014 0.015753671526908878 0.016091184690594677 47.500000000000007 0.018750000745058063 35.500000000000007 6.5000000000000009 4.5000000000000009 1.0000000180025095e-35 10.500000000000002 1223.5000000000002 1529.5000000000002 1494.5000000000002 8.5000000000000018 9.5000000000000018 7.5000000000000009 2.5000000000000004 1.5000000000000002 10.500000000000002 12.500000000000002 1.0000000180025095e-35 9.5000000000000018 1.5000000000000002 1.0000000180025095e-35 5.5000000000000009 25.500000000000004 1.5000000000000002 0.031852770596742637 0.043112300336360938 12.500000000000002 8.5000000000000018 3.5000000000000004
decision_type=2 2 2 2 2 2 2 2 2 2 2 2 2 2 2 2 2 2 2 2 2 2 2 2 2 2 2 2 2 2 2 2 2 2 2 2 2 2 2 2 2 2 2 2 2 2 2 2 2 2 2 2 2 2 2 2 2 2 2 2 2 2
left_child=1 2 5 14 11 47 16 8 17 33 24 13 -8 38 -2 23 50 21 -19 20 -20 22 -4 52 25 -11 27 31 29 -29 -30 -27 -33 -10 -35 36 37 -36 39 -3 -40 42 44 45 -42 46 -44 -1 -39 -9 51 -7 53 54 -6 56 57 -12 59 -59 61 -57
right_child=3 4 7 -5 15 6 12 49 9 10 55 -13 -14 -15 -16 -17 -18 18 19 -21 -22 -23 -24 -25 -26 26 -28 28 30 -31 -32 32 -34 34 35 -37 -38 48 40 -41 41 -43 43 -45 -46 -47 -48 -49 -50 -51 -52 -53 -54 -55 -56 60 -58 58 -60 -61 -62 -63
leaf_value=0.078329542815322714 -0.028294932980275429 -0.022356190133693079 0.085452020845165913 -0.018145188396183034 0.18971351672313691 -0.0099689395562493621 -0.0059868747649814745 0.10243603306199603 0.00056002717347995821 0.0082759069880933341 0.058339138940625271 -0.0051892635008278431 0.037512589675758302 0.035447266961411324 -0.044097222092043441 -0.022620656104124878 0.08909276615994477 0.0064258653978389443 0.086740341353739606 -0.0028035007168410397 0.34439537037967788 0.0048120609188346966 0.035826724454848066 0.041893530052930936 0.051242157880088603 0.071998220204805591 -0.035614491727119682 0.75444064051013471 0.078185661640612442 0.25838890481402421 0.3556137423866324 0.073632709103872568 0.40635574958135012 0.26616906732761741 0.040279874108959897 -0.035145826251352534 -0.013097503690139845 0.34288783794698352 0.010691823936333481 0.016374070445073267 0.020873315345949425 0.013687240735323139 0.18411636623521946 -0.019131289419612934 0.08835290487857618 0.28736111169802853 -0.026553614227485929 0.045083394926371451 0.13067282202297173 0.066898268223199456 0.036771834996169601 0.031973421499685059 -0.010223845049931318 -0.0038750373389322074 -0.039110900343838476 0.0096787505211350221 0.051654538038288816 1.0039304112696348 0.090256472264833951 0.33625437400230312 0.0013183311817505908 0.063588639071222391
leaf_weight=1721.9094201033004 7879.9885350593831 3355.047626292333 3469.0703833741136 11172.204025024315 161.3302852101624 1498.3939635185525 3748.9827667200007 1664.100096735172 2077.9973485460505 114.04306332347915 143.49550614273176 7734.5397928967141 1511.9620999251492 3587.9847027170472 59103.662149786949 6575.5007297908887 530.05086209997535 150.74299569940194 52.474015569314361 36.279933465644717 130.76119696814567 509.40951663302258 919.50775437615812 786.43765145121142 410.30378406541422 170.31654584035277 45.458056261762977 24.595159789081663 88.93452350795269 17.44513114541769 38.037927206605673 38.121592464856803 38.416929953731596 60.455475730355829 130.03764831926674 234.81030361261219 207.7545262966305 56.815490127541125 19681.902241119184 4202.4219472385012 2012.4414275339805 2811.7803671276197 189.09693323401734 93.814022222533822 523.18458189070225 66.184926580172032 102.24552921112627 6308.0765139372088 73.3886499395594 3317.6417122599669 13281.750582284294 2170.4538144087419 6081.0761557326186 509.22869514860213 80.07078774087131 1011.1573240123689 4273.3929256973788 14.166781783103941 75.921138338278979 26.003042936325073 1340.0939344894141 2255.5224888855591
leaf_count=6212 49767 15782 12945 69980 1133 5086 16450 6519 6522 338 517 39445 6859 16812 388715 37020 2085 418 257 86 1119 1532 2781 4841 1505 703 89 432 337 141 346 146 407 472 454 503 503 489 97448 21609 10239 14722 1281 436 3018 581 412 22257 367 11155 56997 9206 32727 2456 397 2726 16548 336 352 250 3656 7992
internal_value=-0.00180228 0.0238875 0.0439492 -0.0387948 0.00538983 0.0339237 0.0274608 0.0572351 0.0513431 0.0426786 0.0505726 0.0105477 0.00651935 0.013871 -0.0422387 -0.0107301 0.0337626 0.0726568 0.137066 0.226342 0.271481 0.0677608 0.0750649 -0.000465317 0.0979008 0.131027 0.161289 0.182846 0.264628 0.559384 0.163426 0.126011 0.243723 0.0145388 0.0525456 0.0338176 0.0684202 0.133298 0.0115268 -0.000820445 0.0151888 0.030448 0.0462158 0.109985 0.034826 0.143824 0.110345 0.0522214 0.225182 0.0787875 0.0320272 0.0148457 -0.00534691 0.0341236 0.113966 0.0454584 0.0574485 0.152267 0.266877 0.590391 0.0336504 0.0469096
internal_weight=190698 112543 53988.3 78155.9 58554.3 30771.6 22741.6 23216.7 18234.9 12966.7 10125.4 44360.6 5260.94 36626.1 66983.7 14193.6 17480.6 5268.25 370.258 219.515 183.235 4897.99 4388.58 7618.14 985.673 575.369 461.326 415.868 169.013 42.0403 126.972 246.855 76.5385 2841.26 763.262 702.807 467.996 260.242 33038.1 7557.47 25480.7 5798.75 2986.97 451.341 2535.63 357.527 291.342 8029.99 130.204 4981.74 16950.6 3668.85 6831.71 750.63 241.401 9139.75 4532.98 259.586 116.091 40.1698 4606.77 3266.68
internal_count=1016916 508454 208095 508462 300359 125152 96683 82943 65269 46131 36821 221785 23309 182340 438482 78574 73374 19138 1880 1462 1376 17258 15726 41554 4444 2939 2601 2512 1256 573 683 1256 553 9310 2788 2316 1813 1310 165528 37391 128137 30689 15967 2710 13257 2274 1693 28469 856 17674 71289 14292 36713 3986 1530 32377 18003 1455 938 586 14374 10718
is_linear=0
shrinkage=0.05


Tree=10
num_leaves=63
num_cat=0
split_feature=5 5 5 6 8 10 6 4 12 7 12 5 5 12 8 6 5 9 8 7 1 8 9 2 2 6 6 2 8 6 6 5 8 9 9 9 4 8 6 4 6 6 5 8 5 4 5 5 5 9 9 5 5 5 6 5 4 9 2 9 4 2
split_gain=66113.3 14137.6 2557.7 2192.67 1713.91 1493.12 1338.44 1103.56 1527 1005.03 943.105 998.397 927.565 868.063 810.267 786.025 686.475 648.604 613.682 878.39 581.309 602.094 843.605 576.119 787.763 570.487 756.443 604.634 598.589 566.94 566.556 564.725 561.241 663.641 1072.48 701.109 540.24 532.082 511.182 508.802 504.242 493.133 481.318 477.604 469.092 449.864 646.435 557.359 569.318 718.523 583.298 524.736 663.302 466.691 453.184 444.605 427.377 417.576 415.8 412.141 396.983 758.091
threshold=2065.5000000000005 192.50000000000003 33.500000000000007 0.0042061035055667171 4.5000000000000009 1.0000000180025095e-35 0.084923874586820616 0.003472222364507616 1.0000000180025095e-35 9.5000000000000018 1.0000000180025095e-35 1.5000000000000002 126.50000000000001 1.0000000180025095e-35 5.5000000000000009 0.12196851894259454 4397.5000000000009 10.500000000000002 1.0000000180025095e-35 10.500000000000002 21.500000000000004 3.5000000000000004 2.5000000000000004 18.500000000000004 8.5000000000000018 1.0000000180025095e-35 0.014931089244782926 40.500000000000007 2.5000000000000004 0.0054982844740152368 0.063643977046012892 12060.500000000002 2.5000000000000004 5.5000000000000009 6.5000000000000009 8.5000000000000018 0.0048611112870275983 1.0000000180025095e-35 0.066708255559206023 0.0062500000931322583 0.099961269646883025 0.0042061035055667171 10.500000000000002 3.5000000000000004 61.500000000000007 0.003472222364507616 1259.5000000000002 1529.5000000000002 1494.5000000000002 9.5000000000000018 8.5000000000000018 1366.5000000000002 1294.5000000000002 293.50000000000006 0.030825217254459861 558.50000000000011 0.0090277781710028666 4.5000000000000009 12.500000000000002 8.5000000000000018 0.010416666977107527 3.5000000000000004
decision_type=2 2 2 2 2 2 2 2 2 2 2 2 2 2 2 2 2 2 2 2 2 2 2 2 2 2 2 2 2 2 2 2 2 2 2 2 2 2 2 2 2 2 2 2 2 2 2 2 2 2 2 2 2 2 2 2 2 2 2 2 2 2
left_child=1 2 6 16 13 7 10 43 12 15 11 23 25 18 56 -7 -2 29 19 -3 -12 -22 -23 24 41 27 -27 -9 -29 32 -6 -5 33 42 39 -36 37 -8 -16 -35 -10 -1 57 44 -4 46 -20 48 49 -48 -50 52 -51 59 -54 -32 -11 -13 -45 -47 -28 -62
right_child=3 4 5 31 30 9 36 8 40 14 20 17 -14 -15 38 -17 -18 -19 45 -21 21 22 -24 -25 -26 26 60 28 -30 -31 55 -33 -34 34 35 -37 -38 -39 -40 -41 -42 -43 -44 58 -46 53 47 -49 50 51 -52 -53 54 -55 -56 -57 -58 -59 -60 -61 61 -63
leaf_value=0.095784657311108967 -0.027875901041774481 -0.017797108937752149 0.072491755375683892 -0.0099525476360228567 -0.016982185555856621 -0.013518897159469074 0.14760802843716109 0.082187348006290753 0.0053855029546438313 0.028733724124928802 0.019580112445168985 0.067210155105582411 0.033898084343113165 -0.006198706334065919 -0.011410664958522578 0.046266259061327711 -0.043817981466950158 0.012443413768074367 0.008913771711106605 0.014775250594052819 0.029293708996642388 0.39709147067731104 0.037325154862130977 0.18531912599018208 0.017556371449865243 0.024752301550646682 0.051230477458877537 0.34758686350837564 0.10718695381552651 0.041990318570215616 0.024543724422388814 -0.0342011815851994 0.050163876904121163 0.27899966469982318 0.015093509939142546 0.13906198653004895 0.081388095207509503 0.037712316335224948 0.040120341525505865 0.14504380683955642 0.052471829085334543 0.23226795440788278 0.10005521254398241 0.0065650279088526053 0.027368869573761157 0.070975623319338113 0.018714526799606886 0.012595960726740999 0.11716387996817362 0.0057739891245601367 -0.021753060196999165 0.027041928011392893 0.23915115293254 0.01856315580788033 0.089313642765510876 -0.01046697076433655 0.063575721324613046 -0.0081642138669840835 0.15102566242298868 0.011885495120897101 0.11516362097239458 0.059379598898010547
leaf_weight=247.18140251561999 7675.2059645657428 3663.6556297312491 651.4797869194299 7462.4246286402922 10155.600868916372 3507.7686889944598 118.97192533826455 1507.3871787651442 2568.3777688504197 2277.9491506833583 3706.6403768421151 455.69329878501594 3776.8150932807475 7522.2088279635645 1577.6144437030889 650.93680246593431 56605.772512498777 1155.5631196405739 18579.002223025542 4754.9922849736176 81.260394597426057 34.849047826603055 30.28942426899448 178.35512516554445 261.70688818767667 1399.8862011921592 2312.0986091378145 42.898355601355433 66.540084516629577 6409.598493908532 1712.0730106371921 3540.031099922955 2834.4139380417764 106.97725042467937 253.74546958040446 206.57990223029628 4491.446451949887 1370.6492568771355 691.33337940648198 223.16729945223778 729.3385959980078 91.022151461802423 500.0525468881242 3295.9021655963734 4949.5832038051449 1037.3991190106608 1814.3610541275702 2853.291839917656 414.33096570614725 78.265587192028761 92.024630157276988 216.07106899702922 120.91470113582909 2518.674592633266 89.191753953695297 1925.8070849410724 1436.7951159225777 307.12512647733092 49.57894819881767 412.88163277041167 958.36648490373045 1682.1860897485167
leaf_count=831 49835 17418 3239 48392 56006 11655 551 6081 9458 9247 12319 1380 14387 38545 6257 2538 388969 3744 91009 23611 195 363 81 956 478 5207 9578 369 252 20932 9979 21729 9205 780 681 1002 15888 4534 2800 985 2689 571 2061 13455 21573 5399 9007 14720 2290 304 430 959 1003 11521 480 11320 5379 415 289 1765 4489 5791
internal_value=-0.0019488 0.0218707 0.0395058 -0.0383846 0.00446721 0.0308126 0.0523685 0.0376122 0.0458824 0.0147271 0.0452366 0.0515764 0.0543225 0.00927207 0.0278469 -0.00415222 -0.0419149 0.0481353 0.0124479 0.000599871 0.0234582 0.120849 0.232894 0.106505 0.0828043 0.0639965 0.0572291 0.090534 0.203714 0.0517847 -0.0109177 -0.0177569 0.0646173 0.0845346 0.120474 0.0709076 0.0727288 0.0465825 0.00430125 0.189161 0.0158121 0.133093 0.0619618 0.023702 0.0326293 0.0159814 0.0134271 0.02819 0.0439292 0.0334135 0.0919241 0.0861404 0.130175 0.0315856 0.176268 0.00601211 0.0422235 0.0368921 0.00875038 0.054173 0.066402 0.0796619
internal_weight=190442 115159 57198.1 75283.4 57960.7 34132.8 23065.3 23990.4 15043.9 10142.4 17084.2 13231.2 11746.2 44167.3 5983.69 4158.71 64281 12452.9 36645.1 8418.65 3853.04 146.399 65.1385 778.266 599.91 7969.36 6352.54 1616.83 109.438 11297.4 13793.5 11002.5 4887.75 2053.34 790.47 460.325 5981.07 1489.62 2268.95 330.145 3297.72 338.204 1262.87 8946.54 5601.06 28226.4 24257.5 5678.45 2825.16 2318.8 506.356 504.443 288.372 3968.96 210.106 3637.88 3714.74 762.818 3345.48 1450.28 4952.65 2640.55
internal_count=1017376 508451 212685 508925 295766 134733 77952 96857 58301 37876 56979 44021 46154 218461 23683 14193 438804 41185 179916 41029 12958 639 444 2836 1880 31767 25065 6702 621 37441 77305 70121 16509 7304 3448 1683 20973 5085 9057 1765 12147 1402 3856 38556 24812 138887 120202 29193 14473 11753 2720 2746 1787 18685 1483 21299 14626 1795 13744 7164 19858 10280
is_linear=0
shrinkage=0.05


Tree=11
num_leaves=63
num_cat=0
split_feature=5 5 6 5 8 8 6 6 12 5 2 5 12 5 5 3 3 5 5 8 7 7 5 7 8 1 2 5 2 6 9 3 8 8 7 5 5 5 6 5 9 9 12 7 9 3 1 5 7 3 2 5 5 5 5 7 7 7 8 9 2 3
split_gain=61189.9 11786.8 2291.36 2113.31 1524.87 1443.83 962.364 926.075 909.505 751.392 818.442 732.342 715.766 687.441 636.004 592.368 553.829 544.702 537.944 526.744 915.384 495.042 1196.59 906.039 833.609 801.512 743.624 545.419 478.082 476.188 496.849 615.261 698.197 470.318 1127.52 438.137 549.154 438.158 427.322 406.841 476.911 419.063 404.727 562.813 547.183 426.659 391.43 569.276 433.03 382.22 377.721 375.958 365.411 358.438 355.16 348.318 344.859 395.74 667.664 509.984 335.397 752.166
threshold=2065.5000000000005 192.50000000000003 0.0042061035055667171 30.500000000000004 4.5000000000000009 4.5000000000000009 0.066708255559206023 0.084923874586820616 1.0000000180025095e-35 95.500000000000014 1.5000000000000002 1.5000000000000002 1.0000000180025095e-35 4397.5000000000009 686.50000000000011 562.00000000000011 25.500000000000004 326.50000000000006 12060.500000000002 1.0000000180025095e-35 9.5000000000000018 16.500000000000004 10.500000000000002 8.5000000000000018 4.5000000000000009 1.0000000180025095e-35 4.5000000000000009 12.500000000000002 6.5000000000000009 0.17138406634330752 1.5000000000000002 1.0000000180025095e-35 5.5000000000000009 1.0000000180025095e-35 10.500000000000002 1259.5000000000002 541.50000000000011 1529.5000000000002 0.0054982844740152368 1494.5000000000002 9.5000000000000018 8.5000000000000018 1.0000000180025095e-35 7.5000000000000009 5.5000000000000009 1.0000000180025095e-35 1.0000000180025095e-35 14.500000000000002 22.500000000000004 3.5000000000000004 6.5000000000000009 1366.5000000000002 18.500000000000004 1294.5000000000002 1984.5000000000002 12.500000000000002 7.5000000000000009 16.500000000000004 1.0000000180025095e-35 5.5000000000000009 9.5000000000000018 18.500000000000004
decision_type=2 2 2 2 2 2 2 2 2 2 2 2 2 2 2 2 2 2 2 2 2 2 2 2 2 2 2 2 2 2 2 2 2 2 2 2 2 2 2 2 2 2 2 2 2 2 2 2 2 2 2 2 2 2 2 2 2 2 2 2 2 2
left_child=1 3 13 7 12 9 -7 8 11 10 -5 -1 16 -2 29 33 19 -18 -4 20 -3 22 60 25 -25 26 -24 -23 -10 30 31 32 55 34 -12 36 -21 39 -27 40 -37 -41 56 44 -44 -45 -29 48 -48 -32 -49 53 -26 -42 -22 -6 -11 58 -58 -60 61 -13
right_child=2 4 18 5 14 6 -8 -9 28 42 15 21 -14 -15 -16 -17 17 -19 -20 35 54 27 23 24 52 38 -28 46 -30 -31 49 -33 -34 -35 -36 37 -38 -39 -40 41 51 -43 43 45 -46 -47 47 50 -50 -51 -52 -53 -54 -55 -56 -57 57 -59 59 -61 -62 -63
leaf_value=0.092921280417337923 -0.027368018924202788 -0.02103514177669219 -0.0089846414723306241 0.02385918661302866 0.17820303452507585 -0.0015681239297810467 0.035727764119975823 0.064725661307067681 0.004081954127732673 0.019828933010544673 -0.0012985855154620208 0.087752153942231403 -0.0051103489021519562 -0.043558085285748421 -0.021727651679190399 0.20772650611507693 0.094198852191359692 0.0071682510520566208 -0.033006697266321154 0.018958618503126478 0.011849728416096219 0.023037890413127385 0.074198009280103353 0.10918168379658229 0.14293666194687157 0.046121025114144426 0.33613726031740931 0.038216965043030814 0.039364009074660172 0.036361883585118798 -0.018757380723384069 -0.00087129382269748943 -0.03860133570829493 0.056243734419196403 0.062071684296675513 0.01865927113439524 0.0032510102385322087 0.012615782706293625 0.013420361248223548 0.09685065802133272 0.0096582015426900925 -0.021632292166428115 0.24705232725264731 0.10536161341057888 -0.011162595685949144 0.00067785120545214069 0.13562704748950921 0.11553247687297884 -0.0032447809029998126 0.0084260226039372353 0.28387699268310951 0.022660746899208217 0.0085631294794412029 0.13514080535470069 0.14841798811542276 0.019931267698416813 0.017193271233946324 0.027101509529768808 0.04360824742943481 0.096329400692694772 0.061523338043718394 0.21602450506199578
leaf_weight=859.21751872170717 7466.1846298356541 3199.370942953974 7355.339536940679 4231.2209668494761 152.83797384705395 5558.6432618396357 2509.9191804463044 6117.9916959870607 2043.2984112673439 4798.9175725383684 1336.9427513303235 1125.4821096481755 7464.4806733285077 54212.723383133998 6314.6234328912105 58.405977251939476 399.04940928285941 326.85312409838662 3411.2732072747312 11062.979692077264 4994.3231530445628 3542.5455098268576 94.44814665010199 788.91353747667745 56.672047836240381 1612.3836118988693 37.478423059452325 497.09046348417178 1810.6662880475633 798.55567830521613 3786.7584437802434 462.20864688465372 72.332817251328379 6906.55704559898 1476.7297829147428 1828.7381482748315 11195.181201907806 2888.8431140049361 2626.9743787781335 474.02240379434079 73.964971992187202 88.152821827679873 46.824943112675101 100.17671006638557 35.78566288901493 2562.7707013287582 97.998716711066663 84.522778686601669 129.54279483202845 1962.7456676992588 56.875161298550665 229.73467535804957 413.50916177593172 248.16813388932496 47.073886557947844 45.262760267592967 924.92181361652911 3873.140307283029 945.8852126901038 895.2045461605303 962.80233055306599 126.95468993298709
leaf_count=2892 49803 15293 48259 15586 930 22836 9725 20074 6845 17807 3737 4015 38648 389083 36894 337 2168 1382 21705 53303 24498 9462 450 3533 301 4980 348 1770 5728 4674 21008 2343 388 25129 5577 8960 53545 14776 7226 2299 291 420 366 466 117 9664 487 411 313 10746 440 974 1370 1444 383 213 3407 15078 4048 4654 2813 795
internal_value=-0.00174427 0.0205447 -0.0378835 0.0362179 0.0045391 0.0286882 0.0100366 0.0480437 0.0420251 0.0340254 0.0422395 0.048301 0.00901466 -0.0415988 -0.0101167 0.0501895 0.01186 0.0550752 -0.0165981 0.010995 -0.000120363 0.045165 0.0527006 0.0404399 0.0778013 0.0296631 0.15058 0.0317456 0.020664 -4.48216e-05 -0.00453479 0.0342158 0.0939667 0.0492216 0.0319709 0.0142559 0.0110587 0.026455 0.0258656 0.0400317 0.0309736 0.0782663 0.0259096 0.00866635 0.136402 0.00465399 0.0672975 0.10627 0.056897 -0.00947775 0.184765 0.0716725 0.0250285 0.106448 0.0131541 0.142322 0.0300474 0.0374295 0.0518764 0.0692816 0.0838307 0.100917
internal_weight=189909 117464 72445.5 59347.4 58116.3 36262 8068.56 23085.4 16967.4 28193.5 14009.9 13113.4 44520.9 61678.9 13595.3 9778.64 37056.5 725.903 10766.6 36330.6 8240.77 12254.2 7845.62 5630.38 1259.09 4371.28 131.927 4408.58 3853.96 7280.7 6482.15 732.642 270.434 9720.23 2813.67 28089.8 22258.2 5831.62 4239.36 2942.78 2380.61 562.175 14183.6 2745.56 82.6106 2662.95 866.03 368.939 227.542 5749.5 141.398 551.868 470.181 322.133 5041.4 198.101 11438.1 6639.15 2766.01 1841.09 2215.24 1252.44
internal_count=1017217 508367 508850 212787 295580 138534 32561 74253 54179 105973 50366 41606 218384 438886 77196 34780 179736 3550 69964 176186 40174 38714 25831 18208 5204 13004 798 12883 12573 40302 35628 3874 1531 34443 9314 136012 106848 29164 12206 14388 11669 2719 55607 10613 483 10130 3421 1651 800 31754 851 2709 1671 1735 24881 1143 44994 27187 12109 8702 7623 4810
is_linear=0
shrinkage=0.05


end of trees

feature_importances:
hours_since_last_alarm=173
month=115
night_share=107
day_of_week=90
alarm_hour_share_720h=71
n_alarms_720h=47
n_alarms_168h=46
hour_of_day=39
is_disarmed=33
n_alarms_24h=15
is_weekend=8

parameters:
[boosting: gbdt]
[objective: binary]
[metric: average_precision]
[tree_learner: serial]
[device_type: cpu]
[data_sample_strategy: bagging]
[data: ]
[valid: ]
[num_iterations: 600]
[learning_rate: 0.05]
[num_leaves: 63]
[num_threads: 8]
[seed: 4217]
[deterministic: 1]
[force_col_wise: 0]
[force_row_wise: 0]
[histogram_pool_size: -1]
[max_depth: -1]
[min_data_in_leaf: 200]
[min_sum_hessian_in_leaf: 0.001]
[bagging_fraction: 0.8]
[pos_bagging_fraction: 1]
[neg_bagging_fraction: 1]
[bagging_freq: 1]
[bagging_seed: 15605]
[bagging_by_query: 0]
[feature_fraction: 0.9]
[feature_fraction_bynode: 1]
[feature_fraction_seed: 27703]
[extra_trees: 0]
[extra_seed: 22977]
[early_stopping_round: 0]
[early_stopping_min_delta: 0]
[first_metric_only: 0]
[max_delta_step: 0]
[lambda_l1: 0]
[lambda_l2: 1]
[linear_lambda: 0]
[min_gain_to_split: 0]
[drop_rate: 0.1]
[max_drop: 50]
[skip_drop: 0.5]
[xgboost_dart_mode: 0]
[uniform_drop: 0]
[drop_seed: 20817]
[top_rate: 0.2]
[other_rate: 0.1]
[min_data_per_group: 100]
[max_cat_threshold: 32]
[cat_l2: 10]
[cat_smooth: 10]
[max_cat_to_onehot: 4]
[top_k: 20]
[monotone_constraints: ]
[monotone_constraints_method: basic]
[monotone_penalty: 0]
[feature_contri: ]
[forcedsplits_filename: ]
[refit_decay_rate: 0.9]
[cegb_tradeoff: 1]
[cegb_penalty_split: 0]
[cegb_penalty_feature_lazy: ]
[cegb_penalty_feature_coupled: ]
[path_smooth: 0]
[interaction_constraints: ]
[verbosity: -1]
[saved_feature_importance_type: 0]
[use_quantized_grad: 0]
[num_grad_quant_bins: 4]
[quant_train_renew_leaf: 0]
[stochastic_rounding: 1]
[linear_tree: 0]
[max_bin: 255]
[max_bin_by_feature: ]
[min_data_in_bin: 3]
[bin_construct_sample_cnt: 200000]
[data_random_seed: 13809]
[is_enable_sparse: 1]
[enable_bundle: 1]
[use_missing: 1]
[zero_as_missing: 0]
[feature_pre_filter: 1]
[pre_partition: 0]
[two_round: 0]
[header: 0]
[label_column: ]
[weight_column: ]
[group_column: ]
[ignore_column: ]
[categorical_feature: ]
[forcedbins_filename: ]
[precise_float_parser: 0]
[parser_config_file: ]
[objective_seed: 22279]
[num_class: 1]
[is_unbalance: 0]
[scale_pos_weight: 1]
[sigmoid: 1]
[boost_from_average: 1]
[reg_sqrt: 0]
[alpha: 0.9]
[fair_c: 1]
[poisson_max_delta_step: 0.7]
[tweedie_variance_power: 1.5]
[lambdarank_truncation_level: 30]
[lambdarank_norm: 1]
[label_gain: ]
[lambdarank_position_bias_regularization: 0]
[eval_at: ]
[multi_error_top_k: 1]
[auc_mu_weights: ]
[num_machines: 1]
[local_listen_port: 12400]
[time_out: 120]
[machine_list_filename: ]
[machines: ]
[gpu_platform_id: -1]
[gpu_device_id: -1]
[gpu_device_id_list: ]
[gpu_use_dp: 0]
[num_gpu: 1]

end of parameters

pandas_categorical:null
